eta,mi,S1
-0.045004282,1.6165494,0.64493054
-0.22569455,0.029257033,0.036664706
-0.16872656,1.0532486,0.063035555
-0.07420185,0.060529795,0.06519205
-0.072602406,1.7926362,0.8523239
-0.40366215,0.0002806881,0.00042027375
0.04860244,0.18432589,0.17558143
-0.017569434,1.9097204,0.925845
0.035701826,1.7621984,0.73546666
-0.51004124,1.5718153,0.9522781
0.011522956,0.20767578,0.20529647
0.04632912,0.086151294,0.08225103
-0.39390683,1.3176191,0.4709537
-0.025140813,1.9227879,0.9462816
-0.32209152,1.1096497,0.15131782
-0.122603305,1.2302032,0.26022992
-0.06312351,0.01150671,0.012256469
-0.4046293,0.096434675,0.14453116
0.06722249,1.945349,0.8838891
0.06921315,0.19797966,0.18474032
-0.42327595,0.0037513732,0.0057281805
-0.10034683,1.7120693,0.78723127
-0.074618965,1.4062743,0.43774977
-0.034226067,1.0790707,0.08182383
0.026209729,0.066390045,0.06467258
-0.27115032,1.7210588,0.94564867
-0.260869,8.185638e-05,0.000106254294
-0.49289766,0.0021719628,0.003555618
-0.15413682,1.4303662,0.5020869
-0.1623105,1.5119352,0.60215133
-0.20111865,7.28916e-05,8.912965e-05
-0.05131948,1.463672,0.4880886
-0.064936385,1.4820206,0.51435995
-0.270363,1.7308123,0.95768577
-0.14091177,1.3743527,0.4310008
-0.14405262,1.5237775,0.60493416
-0.28512022,0.009118671,0.01212712
-0.16049094,0.0045236526,0.005311162
-0.038351517,1.9394354,0.9761639
-0.020329194,0.0011613255,0.001185176
0.071212366,0.00038532924,0.00035884327
-0.17122625,1.5462639,0.64828384
-0.010284409,1.5826528,0.588676
-0.21034542,9.048956e-05,0.000111673544
-0.25500184,1.3326604,0.42928633
-0.24132988,0.11196298,0.14252225
0.09908299,1.6534786,0.59183437
-0.0021466631,1.1593457,0.15968822
-0.032226734,1.8092415,0.83574545
-0.02467826,1.6275828,0.64326316
-0.1350457,0.008269151,0.00946478
-0.041909497,1.8048301,0.8392769
-0.17951034,0.0046134987,0.005520657
-0.19193465,0.0016897181,0.0020472477
-0.29249254,7.9228616e-05,0.00010614754
-0.07030991,0.17790131,0.19085975
-0.21548289,0.00019034588,0.0002361166
-0.07090694,1.9163926,0.9837302
-0.08424516,1.5953228,0.647649
-0.032485466,1.6453706,0.66668
0.0228967,2.0112734,0.9883815
-0.10055409,0.049179982,0.05438241
-0.0021400675,1.7835417,0.7852204
0.04434246,0.00010007616,9.5735486e-05
-0.05292367,1.5558674,0.5860784
-0.5331352,0.061005518,0.10396971
-0.20181641,1.736155,0.90077657
0.13157128,0.14350033,0.12580915
-0.28240588,0.006454973,0.00856134
-0.17209767,1.3866234,0.4592288
-0.16600205,1.3163729,0.3735021
-0.27226058,0.0005420768,0.0007117084
-0.09054172,0.055045467,0.06026197
-0.48775584,0.0021726652,0.0035385266
-0.01604137,0.03071664,0.03121335
-0.15330245,0.011532836,0.013443567
-0.031847198,1.6941648,0.7166277
-0.13573006,0.22147234,0.25366837
-0.058036692,0.00015865262,0.00016813273
0.0011540353,0.0067247036,0.006716948
-0.049774513,1.9014122,0.94741505
-0.03068075,1.7888443,0.81342185
0.059550963,1.5093603,0.479913
-0.22516072,6.3712236e-05,7.980111e-05
-0.26567197,0.24195813,0.3155877
0.017097203,1.9719591,0.9554826
-0.04361993,0.4671173,0.48794386
-0.008374639,0.11587027,0.11684471
-0.51742995,0.010525692,0.017659063
-0.27877897,0.003581286,0.004732724
-0.20922728,0.02049183,0.025260791
0.003695704,1.5033612,0.5015043
-0.19524577,0.0012404558,0.00150791
-0.22432937,8.848418e-05,0.000110736466
-0.082437046,0.035929434,0.03901686
-0.2861643,1.4224284,0.56238365
-0.052378062,0.014231816,0.014997118
0.017765146,0.0022749326,0.002234875
-0.11973554,1.1924292,0.21690594
-0.15201424,1.7587719,0.88334453
-0.027419358,0.0022007225,0.0022618996
-0.20345041,0.0857255,0.10506726
0.079835966,0.0014792426,0.0013657368
-0.20055248,1.6849148,0.8370191
-0.15270214,0.0065087383,0.007582537
-0.041070074,0.008026769,0.008363293
-0.2983444,1.5688734,0.76662856
-0.19172016,0.0011960769,0.0014488455
-0.010677196,0.053622473,0.05419808
0.12258373,0.09556957,0.084543884
-0.22269793,0.0017372111,0.0021705464
-0.04438142,0.04141902,0.043298658
-0.07474549,1.736825,0.7940098
-0.03212023,1.3019949,0.3118525
-0.22502726,0.001362205,0.0017059668
-0.16977334,0.00021128422,0.00025037947
-0.13373037,1.5207528,0.59526443
-0.1343323,0.00014859546,0.00016995944
-0.2733192,1.0570192,0.07494148
-0.15583679,0.0001207599,0.0001411243
-0.055309847,1.2946572,0.31141376
-0.128661,1.5185196,0.5897147
-0.080715306,0.00042595936,0.00046176644
-0.00250322,1.4743755,0.4755645
-0.05180334,1.4436041,0.4671899
-0.30216277,1.5075538,0.68660927
-0.3819988,0.00094625034,0.0013864557
-0.035772264,1.7256794,0.75210834
-0.062742114,0.032404855,0.03450314
-0.26189333,0.011594114,0.015065252
-0.16780883,0.16297883,0.19275677
-0.070918985,1.3785859,0.40640977
-0.021047492,1.309607,0.3161925
-0.13377795,0.023987012,0.027420485
-0.112351105,1.0735416,0.082286194
-0.045600474,1.8009115,0.83827895
-0.06386122,1.8077278,0.8609929
-0.13086978,0.00023841168,0.00027174625
-0.056182723,0.118958406,0.12583312
-0.17177378,1.0621678,0.073818624
-0.17728688,0.005038803,0.0060161976
-0.19930708,1.5792696,0.70703155
0.07874945,0.0009317903,0.0008612271
-0.009076778,0.25481144,0.25713482
-0.056858595,1.1434263,0.15181766
-0.10539686,0.00050915283,0.0005657459
0.04262451,0.0011235268,0.0010766434
-0.30548683,1.1803261,0.24475405
-0.13937263,0.2019019,0.23209679
-0.2170709,1.0260234,0.03233226
-0.22563772,8.0718506e-05,0.00010115011
-0.061385505,1.787894,0.8377746
-0.34266043,9.0442256e-05,0.00012740512
-0.18723942,1.5499203,0.66315764
-0.077909455,1.0991962,0.10723355
-0.28729215,1.4590418,0.61181724
-0.24406332,9.58677e-05,0.00012236794
-0.010015564,0.0018461947,0.0018647783
0.105132595,0.014845244,0.013363764
-0.18986392,1.2497269,0.3019411
-0.015468689,1.910778,0.9249761
-0.36132172,0.3061994,0.43946508
-0.12526897,0.38418424,0.4354549
0.00082790107,1.2690738,0.2688512
-0.13374937,1.8006835,0.9152662
-0.3524493,0.06790375,0.09659631
-0.04235686,0.025903642,0.027024409
-0.2821942,0.00012030741,0.00015953199
-0.29960886,1.3225503,0.43522713
0.095383294,0.11812322,0.10737689
-0.046930335,0.06793877,0.07120316
-0.090651326,1.0424957,0.046527997
0.024287924,0.023063647,0.022510227
-0.1880546,0.60577804,0.73111314
0.03918516,1.5065322,0.48706758
-0.3034003,1.4465847,0.60487956
-0.26179072,1.7016555,0.91162914
0.007839059,0.00044238262,0.0004389283
0.048201498,0.00028573294,0.00027228685
-0.12288444,0.0003061597,0.00034619123
0.08956075,1.9428229,0.8620538
-0.2840225,0.007226063,0.009599555
-0.23231596,0.05488435,0.06923761
-0.005467668,0.0001469195,0.000147725
-0.04562522,1.9288564,0.9722172
0.019681036,0.017467175,0.017126763
-0.036693957,1.2951872,0.30621994
-0.35545728,0.56592435,0.80747944
-0.29165846,1.3696871,0.49488008
-0.19164057,1.4372039,0.5295566
-0.21301802,1.4191986,0.5187194
-0.19520174,0.20754887,0.2522873
0.06535457,0.0051476257,0.0048219627
-0.01854477,1.9513916,0.96919954
0.0073208995,1.3242569,0.32189175
-0.04464241,1.0056908,0.005950636
-0.5573581,0.00017622928,0.00030770575
-0.45628405,1.5048497,0.79675305
-0.051943563,0.00051931123,0.000546999
-0.1317928,0.06405744,0.07308133
-0.085574165,0.0004773609,0.00052000943
-0.1612002,0.018339848,0.021547858
0.16245374,1.9666622,0.82171637
-0.21930538,8.100476e-05,0.00010086805
-0.1735142,1.7972379,0.94829655
-0.06750339,1.6557522,0.7015459
-0.068382174,0.037559133,0.04021736
0.0063311383,1.5933821,0.58963716
0.008196017,1.0645359,0.064009085
-0.25013232,1.1697123,0.21794367
-0.07571825,0.1726917,0.1862754
-0.04098369,0.00024672007,0.00025704163
-0.04607637,1.8303714,0.8695269
-0.08756332,0.01052105,0.011483845
-0.15075478,0.004800401,0.0055814814
-0.1959544,0.03166067,0.038514297
4.4006854e-05,1.5727506,0.5727253
-0.021153662,0.00026035588,0.00026592202
-0.11453076,1.2792113,0.31309277
-0.30171806,0.0003009807,0.00040698002
-0.029950246,0.038124852,0.039283972
-0.15527856,0.08762697,0.10234683
-0.2549142,0.025856493,0.03336395
-0.03527292,0.0006582124,0.0006818438
-0.12883529,1.6583669,0.74889416
-0.034688823,1.566126,0.5861088
-0.032372266,1.4943578,0.5106231
-0.2532785,1.1067239,0.13748626
0.005034458,1.5691535,0.5662954
-0.33625987,0.0046732863,0.0065412107
-0.28735822,1.4714855,0.6284438
-0.024059555,1.2056724,0.21068074
-0.34342405,1.1235639,0.17419626
0.036069483,2.0211773,0.9850002
-0.2992484,0.0007874734,0.0010621792
-0.019441232,0.0002779811,0.00028343828
-0.28437972,0.37890685,0.5035435
-0.22623171,1.1795979,0.22519161
-0.018736014,1.9485308,0.96647
0.095870614,0.95362216,0.8664436
-0.047824465,1.7507991,0.7875781
-0.06666458,1.4205307,0.44952074
-0.05142774,1.2430698,0.25589734
-0.43000075,1.6042318,0.9288606
-0.06151419,0.07284281,0.07746436
0.08262876,0.23591986,0.21720973
-0.067812145,0.0046109264,0.0049344487
-0.17126651,1.4954872,0.58804774
-0.016032767,1.5452652,0.55407774
-0.19540334,1.7930605,0.9642039
0.028943805,0.03578403,0.03476315
-0.016839314,1.3091581,0.31440812
-0.08168845,1.8278127,0.89827424
-0.16335875,1.8467155,0.9969728
0.050806973,1.8122617,0.7720239
-0.22196235,0.025580972,0.031938467
-0.007500911,0.47265422,0.4762129
-0.11395711,1.5903518,0.6616097
0.010428425,2.006137,0.99569887
-0.061766904,1.4561319,0.48519412
-0.38866445,0.3832376,0.56527907
-0.09899111,0.4590802,0.5068505
-0.26034826,7.427648e-05,9.6364965e-05
-0.2560397,0.0017187899,0.0022203398
-0.08276965,0.00018121768,0.00019685522
0.008839482,0.0017077401,0.001692711
-0.07748802,0.77527106,0.8377341
-0.0979674,0.00018370038,0.00020260808
-0.21507181,1.6420436,0.7961026
-0.08670984,0.42653084,0.46516606
-0.12122127,1.4562174,0.5150123
-0.002692327,1.3535364,0.35448948
0.04537005,1.6888394,0.65828514
-0.0664334,1.8026409,0.8577741
-0.18369378,1.7927761,0.95263773
0.060351368,1.0419327,0.039476838
-0.1754092,0.003220601,0.003838099
-0.037248597,1.5897677,0.6121499
-0.24452178,0.0020544785,0.0026235904
-0.2417056,1.58393,0.74358773
-0.23178247,1.3534287,0.44561893
-0.2713474,1.464404,0.60917294
-0.1808431,1.5084379,0.60922414
-0.29584426,1.1685714,0.22660391
-0.2231318,0.3134651,0.39182678
-0.0010790303,1.209908,0.21013467
-0.077607706,1.3421036,0.36971083
-0.5599417,0.0013029864,0.0022809696
-0.12093452,1.4823965,0.54440904
-0.19973911,0.0002681875,0.0003274795
-0.072773606,1.4628667,0.49780715
-0.07968523,1.7598808,0.82290995
0.022753965,0.0012091595,0.0011819568
-0.006397035,0.00020455796,0.0002058707
-0.041265227,0.6352984,0.66206247
-0.53599614,1.2947739,0.5038128
-0.09130659,1.8137711,0.8915716
-0.08260095,1.8339496,0.9057596
-0.11875822,1.6254486,0.70431614
-0.21365,1.0914427,0.113223374
0.079139315,1.6459607,0.5968103
0.0106894225,0.0001039715,0.000102866026
-0.001551561,0.6620467,0.6630747
-0.2740805,0.1243673,0.16358288
-0.15530747,0.0038020287,0.0044408343
-0.12909915,1.6251935,0.7113469
-0.12623815,1.1174383,0.1332399
0.061374195,0.0045135897,0.0042449017
-0.029877128,0.000767464,0.0007907396
0.026905552,1.29443,0.28661385
-0.1345011,1.3638715,0.4162565
-0.4595789,1.4484731,0.7101155
-0.13940702,0.0062869093,0.00722738
-0.0970376,1.806154,0.8883026
-0.12167718,0.00010717871,0.000121046505
-0.3059988,1.6233349,0.8464766
-0.08419968,0.027324017,0.029724326
-0.12469115,0.0003621695,0.0004102651
0.040207494,0.008853454,0.00850454
-0.32521015,1.6877334,0.9520442
-0.012081524,1.3238442,0.32778046
-0.0351536,0.0020995596,0.0021746792
-0.4765531,0.0017881402,0.002879824
-0.106502816,0.013397557,0.014903189
-0.19197997,0.19075312,0.2311253
-0.17384946,1.738626,0.8788737
-0.07848187,0.0001259813,0.00013626688
0.04359207,1.2633352,0.25210246
-0.08213584,1.6620321,0.71870416
-0.004935235,1.4937022,0.49614477
-0.10237983,0.065240085,0.07227324
-0.023702424,0.033560887,0.034365863
-0.5392084,0.007957339,0.013644044
-0.21288282,1.7748673,0.9586964
-0.55144626,0.00093182264,0.0016174219
-0.038800813,0.0031462458,0.0032707222
-0.15826981,1.4973637,0.58265275
-0.042556386,1.8676355,0.9053559
-0.12871003,1.7955916,0.9048742
-0.11720861,0.0066499365,0.0074768825
-0.4246431,1.4471501,0.6837125
-0.43460882,0.0006644014,0.0010260742
-0.070792675,1.8455818,0.9076125
-0.17947678,1.2238085,0.26780728
-0.52195066,0.002946248,0.004965347
0.04020968,0.0013120184,0.0012603091
-0.31126907,1.6236837,0.85142577
-0.048784353,0.05487466,0.057618055
-0.0052335393,1.5338228,0.53662395
-0.25847748,0.45364058,0.587445
0.017765444,1.9538274,0.93703187
-0.5103225,1.4526536,0.75404334
-0.1625181,1.2766795,0.32550502
-0.3377677,0.0007384652,0.0010351915
-0.37928885,1.2893023,0.42274165
-0.085559934,0.0110191135,0.012003416
-0.07513865,0.0013250121,0.0014284074
-0.17009166,0.0040388145,0.004787665
0.0009202212,1.6449877,0.64439446
-0.073985115,0.008194023,0.008823248
-0.000887502,0.00025431908,0.0002545449
-0.1423587,0.032418896,0.037378665
-0.044267796,1.7465386,0.7803287
-0.040572476,1.3431026,0.35730937
-0.2216167,1.0377948,0.04717147
-0.059309307,0.05211452,0.055298895
0.064873576,2.0519886,0.9859089
-0.05785101,0.000101022255,0.000107038846
-0.12049995,0.011586179,0.013069914
-0.1630091,0.0020783653,0.0024463346
-0.07926532,1.1697638,0.18376781
0.13951144,0.0055513172,0.004828442
0.08923769,2.0392566,0.95053333
-0.14151452,1.1915258,0.22064106
-0.19335113,1.5980259,0.7255901
-0.08926481,0.001040514,0.0011376669
-0.23018081,1.1188197,0.14957349
-0.096182436,1.3967497,0.4368055
-0.20020156,0.0010984102,0.0013418717
-0.03434129,1.6960946,0.72041464
-0.18867731,0.020546624,0.024813155
-0.19245091,1.746584,0.90502185
0.02200365,1.1389943,0.13596934
-0.018115096,0.6187652,0.63007635
-0.09919029,0.12533365,0.138403
-0.29683197,1.358365,0.48221207
-0.008652331,1.2935541,0.29610497
-0.09459003,0.008592985,0.009445479
-0.017503578,1.6652281,0.67697453
0.020237949,0.0006377043,0.00062492816
-0.03073254,0.2642192,0.2724654
-0.21974427,0.015637318,0.019480316
-0.14424685,0.4471088,0.51648635
-0.26256758,1.7458017,0.96973926
-0.0228168,0.07247359,0.07414622
-0.018377159,1.3614419,0.36814553
-0.04446289,1.4333496,0.45305228
-0.24378449,0.0034952473,0.004460178
-0.22493301,1.3119917,0.39068812
-0.3205927,0.5565969,0.7669594
-0.31858498,0.16152713,0.22212894
-0.07564718,1.5622082,0.60638756
0.011278961,0.00018151554,0.00017947974
-0.073773935,1.8587086,0.9244543
0.047930058,0.29389346,0.28013936
-0.40836218,0.13169031,0.19810855
0.007893387,0.22269279,0.2209419
-0.06328618,0.10137672,0.107999824
0.029376574,1.8792322,0.85377896
0.018152796,1.7945158,0.78022325
-0.0028014164,1.2913194,0.29213658
-0.21377283,1.2286988,0.2832072
-0.10730843,1.3690305,0.4108333
-0.05554797,1.322346,0.34075835
-0.015914844,1.4626226,0.4700442
-0.21588394,0.011061422,0.013726763
0.044144582,0.0407284,0.03896957
-0.00928586,0.00012846953,0.00012966804
-0.018282134,1.3328971,0.3390391
0.021550175,0.8183514,0.80090445
-0.11565869,1.6188498,0.69472843
-0.028930688,1.3319981,0.3417433
0.040933516,0.07124906,0.06839147
0.020936664,1.643357,0.63002723
-0.015011605,1.8414881,0.85421556
-0.2025417,9.3658855e-05,0.000114686314
-0.020578593,1.7530179,0.7686746
-0.15691417,0.17169973,0.20087068
0.12490605,1.2501897,0.22081237
0.0040736087,0.008541642,0.008506916
0.062090337,1.5310462,0.49907616
-0.053740304,0.22909454,0.24174295
-0.01201757,1.6112859,0.6186764
0.08366757,1.8878033,0.8165455
-0.27973348,0.0006009604,0.0007949367
-0.27064997,1.1707728,0.2238518
0.03608443,1.9872088,0.952221
-0.0070939027,0.0026380909,0.0026568717
-0.25567433,0.0001925713,0.0002486735
-0.11550321,1.2249353,0.252476
-0.0022131316,0.0043622414,0.004371906
-0.15013355,8.486698e-05,9.861454e-05
0.01799434,1.6368906,0.6255326
-0.20966977,1.679481,0.837984
-0.2832759,6.816667e-05,9.04893e-05
-0.10177108,1.7945676,0.87968963
-0.03780826,0.06054806,0.062881105
-0.18539934,1.0611414,0.07359577
-0.2011358,0.2608627,0.31898052
-0.1244752,0.0018175608,0.0020584855
0.002878828,0.08824494,0.08799125
-0.05943573,0.0018260683,0.0019378923
-0.14227979,0.0055610808,0.0064113652
0.02425076,0.009904716,0.009667408
-0.23815924,0.0062731984,0.007960132
-0.036024526,0.0768643,0.07968377
-0.13334805,1.2908126,0.3322963
-0.08403694,1.6340053,0.6895879
-0.13902569,1.3879449,0.44580826
-0.040216528,1.659184,0.6862344
-0.06373806,0.00017571493,0.00018727928
-0.25668532,0.029387476,0.037987377
-0.07601358,0.07633039,0.082358755
-0.18152602,1.6096132,0.73095405
0.021240015,0.5132807,0.50249356
-0.104508236,1.3293848,0.36567137
-0.10084701,0.0034497357,0.003815778
-0.18421917,1.2930279,0.35230142
-0.03572537,1.2303762,0.2387553
-0.31250253,1.333795,0.45624477
-0.3407323,0.005231847,0.007355856
0.05109104,2.0515451,0.99916995
-0.12944832,1.4789813,0.5451766
-0.0273612,1.5484958,0.56371045
-0.05218623,1.5398054,0.56872386
-0.027630383,1.9275979,0.95358515
-0.053541377,0.00026344875,0.0002779386
0.058376666,1.8668952,0.8177376
-0.14968327,1.4285958,0.49779963
-0.18339847,0.20771973,0.24953225
-0.15097593,1.404803,0.4707733
-0.16030097,1.4376527,0.5137448
-0.16320734,1.3802819,0.44769856
-0.55249965,0.10005292,0.17385106
-0.07563565,0.0317109,0.034202408
0.031690173,1.6751994,0.65413773
-0.14500676,0.013909381,0.016079903
-0.29295802,0.00014548805,0.00019501023
-0.055423096,1.4673456,0.49397856
-0.13254133,1.0889848,0.10159628
-0.2606537,1.7104075,0.92195135
-0.09223079,1.424569,0.46559
-0.0669162,1.1495996,0.15995274
-0.08856133,1.8300571,0.9069214
-0.1817562,1.7228466,0.8669258
0.019857068,1.78288,0.7674876
-0.24412082,1.2501302,0.31929085
-0.21067528,1.537194,0.6631722
-0.09814863,0.36643493,0.40422416
-0.07392137,1.8662058,0.932663
-0.01115489,8.5665735e-05,8.662668e-05
-0.06513314,1.339939,0.36281726
-0.07792951,8.635234e-05,9.3350885e-05
-0.06851207,1.8923825,0.95566446
-0.17952327,1.2671636,0.31970045
-0.20823927,0.68603116,0.84485275
-0.20511685,1.618516,0.75933266
-0.52305377,1.3610775,0.6091998
-0.01176982,1.361232,0.3655088
-0.114334114,0.06540705,0.07332959
-0.060446445,1.8668249,0.9208372
-0.30789748,1.4395308,0.5980087
-0.070544854,0.3869583,0.4152421
0.034502245,1.5324681,0.5144101
-0.010255649,0.023968764,0.024215844
-0.15724243,0.039150875,0.045817457
-0.30157295,0.028320158,0.038288392
-0.31435496,0.0376855,0.05160561
-0.27631706,8.1220416e-05,0.00010707009
-0.055670913,0.00069067493,0.00073021586
0.009145677,1.5027158,0.4981391
0.091717355,1.7090139,0.6468781
-0.15703152,0.109291874,0.12787504
-0.044345856,1.6656554,0.6958387
-0.03872394,1.5371346,0.5583426
0.12215813,1.1086473,0.096153855
-0.03308958,0.17726548,0.18322925
0.017157743,0.00021168526,0.00020808421
-0.11637771,1.6196117,0.6960842
-0.07726622,1.5150781,0.5564541
-0.040570665,1.6132171,0.6386073
-0.059459597,0.012190125,0.012936926
-0.059620492,0.0028665534,0.0030426562
-0.013191724,1.7110716,0.720514
-0.047316793,1.3240026,0.3397019
0.076905265,0.01905311,0.017642751
-0.0069991034,1.6130514,0.6173574
-0.028882343,1.5191998,0.53441423
-0.037478615,0.0007116394,0.00073881674
-0.10226205,0.3561841,0.39453572
-0.05137503,0.0036700438,0.0038635198
-0.27157858,0.00028241277,0.00037053513
-0.020751387,0.006924397,0.007069589
-0.14648175,1.7598366,0.87970364
-0.020923316,1.3687671,0.37656426
-0.15251108,1.3033829,0.3533668
0.14111367,2.0567431,0.9176658
-0.016078107,0.0040906803,0.004156982
-0.2791695,1.5718465,0.75599897
-0.26275656,1.4527769,0.58884084
-0.35649642,0.00010264929,0.00014661567
-0.030055594,0.0020566378,0.0021193896
-0.122890115,0.40697235,0.46018812
-0.077137984,1.449612,0.4856669
-0.11087296,0.7522466,0.8404497
-0.014115825,1.6272945,0.63621217
-0.14717697,0.2524835,0.292517
-0.13600802,0.064254485,0.07361579
-0.11672954,1.7482514,0.8408964
-0.16006802,0.03927577,0.046093676
-0.16298619,1.0770148,0.090648
-0.028362125,0.007170101,0.007376372
-0.28201634,6.0051334e-05,7.961608e-05
0.20385024,2.1147883,0.90920395
-0.27448437,1.6453133,0.84913665
0.07467854,1.9623492,0.8931002
-0.11984687,1.4735506,0.53384507
-0.111984044,0.0005935972,0.0006639355
-0.03025911,1.9052234,0.9330332
-0.08486155,0.6570273,0.71521777
-0.11070139,1.2902726,0.32425225
0.012395639,0.000375907,0.00037127617
-0.033497006,1.8888097,0.9190864
0.028322373,0.46065664,0.44779277
0.14654933,0.3058834,0.26418635
-0.08776359,0.026800374,0.02925877
-0.40522647,0.13347967,0.20017172
-0.17446218,0.00010160267,0.000120968725
-0.0018752664,1.0453631,0.04544818
-0.05362678,1.262365,0.27681887
-0.23568602,0.0009188038,0.0011630005
-0.3964953,1.408128,0.6067254
0.029405309,0.6414497,0.6228622
-0.05145223,0.001004369,0.0010573986
-0.037732307,1.8906171,0.9248641
-0.14718339,0.00036896073,0.00042746548
0.0121213775,1.6069546,0.5996418
-0.07694159,1.3706992,0.40034723
-0.072611965,1.479164,0.5152514
0.005375011,0.00019199826,0.00019096902
-0.17255875,1.3086864,0.3668249
0.03510184,1.5739597,0.5541622
-0.070182875,0.002464153,0.0026433077
-0.28431413,1.1032566,0.13721253
-0.08555149,1.3507445,0.38207215
-0.047985494,1.6680014,0.7008372
-0.13768214,0.11163492,0.12811342
-0.12277895,1.237861,0.26893386
-0.051795393,1.4026421,0.42404673
-0.030319326,1.6557493,0.6759356
0.08342105,1.1197151,0.11013349
-0.21246162,0.6601569,0.8164283
-0.30964628,0.014700707,0.020036224
-0.10003896,0.5285816,0.5841958
0.07362981,1.12178,0.11313554
-0.13088629,1.6722002,0.7661994
-0.18339491,0.34601137,0.41565958
-0.26589715,1.3756576,0.4900832
-0.056012332,1.9256637,0.9789919
-0.012410352,0.011016654,0.011154227
-0.122207135,0.0036180126,0.0040883115
-0.45119274,0.059424825,0.0933079
-0.08398255,0.118224114,0.12858172
0.011287585,1.4893079,0.48381585
-0.042353503,0.001807582,0.0018857837
0.017668284,1.2599196,0.25536767
-0.2321463,1.7377467,0.9305231
-0.073700406,0.005561996,0.005987401
-0.22199248,1.5731957,0.7156703
-0.0054306667,0.031818274,0.031991538
-0.28092825,0.0067633055,0.008957041
-0.11159487,1.8041612,0.8991003
-0.20255102,0.00021907612,0.00026826366
-0.3803179,0.5517509,0.80707335
-0.081758976,0.0020916497,0.0022698462
0.009976229,0.31352526,0.310413
0.0054820348,0.29451516,0.29290503
-0.004136104,0.06478126,0.06504976
0.022416456,1.9636189,0.9422583
0.031406328,2.0285316,0.99673116
-0.19454756,1.3444637,0.41844115
-0.012372838,0.000894243,0.0009053761
-0.54305756,0.10193296,0.17545329
0.11212223,1.8429701,0.75356054
-0.18807301,1.8141966,0.98267144
-0.26033604,1.7401937,0.96030223
-0.05917331,1.9422326,0.9996703
-0.06664532,1.8902959,0.95165175
-0.027926438,0.01927623,0.019822134
-0.08405364,0.36994305,0.40238234
-0.21165816,1.1592972,0.1968477
-0.24547379,1.7495251,0.95806307
-0.12959121,0.012843705,0.014620797
-0.22993651,0.11562484,0.14551619
-0.06678876,1.8135684,0.86976117
0.0012907058,0.05908999,0.059013773
-0.29875842,0.0003899056,0.0005256644
-0.06600223,1.6565218,0.70131564
0.012956444,0.0024265014,0.0023952655
-0.06689139,1.5540922,0.59242386
-0.008746222,1.8274114,0.83467996
0.044224758,0.99746627,0.95431477
-0.2407876,1.217132,0.2762463
-0.094765246,0.86945945,0.95588434
-0.12072072,1.7770474,0.8767502
-0.032494187,1.8034192,0.8299545
0.04718852,0.0030704553,0.0029289303
-0.30089858,0.4627948,0.62526923
-0.015018795,0.033491496,0.033998296
-0.038667668,0.0043185395,0.004488798
-0.114388525,0.3026129,0.33928585
-0.17879665,0.031403396,0.037551478
-0.2239357,0.004285766,0.0053614522
-0.45585805,1.5524263,0.87146705
-0.20556206,1.7660711,0.9409002
0.008330407,0.0018600486,0.0018446179
-0.37470198,0.013710576,0.019942828
-0.056102023,0.00011608301,0.00012278164
-0.0022394396,1.6877002,0.68924195
-0.118634954,0.10687183,0.120333284
-0.21783052,9.195325e-05,0.000114332484
-0.110753395,0.019637823,0.021937791
0.015346973,1.4500719,0.44321743
-0.15662491,0.0051155863,0.005982969
-0.027148463,1.214087,0.2199787
-0.2714307,1.0488456,0.06407772
-0.19188714,0.008436118,0.010220641
-0.09796111,0.002231631,0.0024613102
-0.1102824,1.3331716,0.37201717
-0.030287672,1.3171151,0.3268667
-0.04002687,1.2474155,0.2575197
-0.11578989,1.5935533,0.6664178
0.05173381,1.6780797,0.643892
-0.23196127,1.258379,0.3258342
-0.08081292,1.8300045,0.89986444
-0.015785359,0.46053898,0.46786642
-0.011907259,1.6853251,0.6935343
-0.15595664,1.5711644,0.66756296
-0.13439326,1.8293588,0.94865596
-0.05317378,1.7840822,0.82690316
0.032636296,1.8798633,0.85161126
-0.15642875,0.3120004,0.36483064
-0.15104581,1.1331882,0.15490463
-0.1225529,0.007921303,0.008954073
-0.14535941,1.4357086,0.50387746
-0.05458454,0.010537792,0.011128981
-0.06168047,0.0014378355,0.0015293141
-0.16876757,1.697573,0.8258183
-0.12654693,0.017819528,0.02022343
-0.23093447,1.0405965,0.051142447
-0.050313715,0.0033746758,0.0035488121
-0.21034417,0.20749232,0.25606683
-0.10570548,0.61715615,0.6859656
-0.018158924,0.09140868,0.093083724
-0.07144353,0.0133160455,0.014302198
-0.041438047,1.2004143,0.20889357
-0.12711582,0.0048145913,0.0054672025
-0.07161526,0.38243693,0.4108298
0.008163948,0.13788398,0.13676287
-0.08100981,0.19808997,0.21480511
-0.054401726,1.0277436,0.029294718
-0.19450472,1.7654061,0.92974585
-0.2954344,1.213097,0.28634056
0.09161974,1.7030023,0.64145595
-0.0227147,1.5744976,0.5876965
-0.08447184,0.0008160632,0.0008879928
-0.09219144,1.7519877,0.82461065
-0.0060637034,0.011792735,0.01186446
-0.27165818,0.00016280988,0.00021362912
0.012390755,1.9355814,0.9240604
-0.06628164,1.423946,0.452998
-0.10420172,0.02897508,0.03215725
-0.15094362,1.4984758,0.5796931
-0.17983215,1.2654592,0.31775895
-0.46397278,0.06302903,0.10024009
-0.0774237,1.456478,0.49322444
-0.066701695,0.0021617096,0.002310817
0.0027258787,1.474429,0.47313753
-0.20898677,1.3392766,0.41813418
0.07696924,0.00019850691,0.00018380118
-0.10135479,1.2422979,0.2681436
-0.38263962,0.643453,0.94339836
-0.02016998,1.0428847,0.043758526
-0.124830484,1.3606725,0.40862614
-0.045530014,0.047167692,0.04936488
-0.23971406,0.12438362,0.15807736
0.011651777,1.3290045,0.32519335
-0.13018264,1.5827885,0.6638173
0.038150348,0.0001879998,0.00018096264
-0.03707368,0.32720006,0.3395582
0.00042960048,1.6949275,0.694629
-0.18537986,0.2766801,0.33303308
-0.111916386,0.09629792,0.10770146
-0.08552168,1.6925712,0.75440747
-0.09409871,0.8322324,0.9143473
-0.21139629,0.038168956,0.047153994
-0.5222821,0.18443058,0.3109261
-0.21209103,0.000899389,0.001111879
-0.09902738,0.0036643918,0.004045842
-0.047466546,0.00011826644,0.00012401551
-0.06265132,1.916842,0.9761208
-0.10446784,1.8026087,0.8909917
0.03493226,1.9655333,0.9323874
-0.16968411,1.7953755,0.9424646
-0.23109765,0.038101085,0.04800669
0.022110049,0.011408096,0.011158631
0.017873038,1.6376917,0.6263955
-0.07155598,1.6346483,0.68172544
0.036490224,0.010119548,0.0097569395
-0.04998082,1.7629728,0.8020759
0.018790051,0.28707522,0.2817314
-0.0451944,1.7837021,0.8199337
-0.15086226,1.0909979,0.105815776
0.03223385,1.7644885,0.740239
-0.01361437,0.043974705,0.044577487
-0.04593069,1.5066247,0.53043693
-0.03804143,0.00012644351,0.00013134626
-0.12571645,0.0027552128,0.0031243027
-0.06284476,1.2787375,0.2968169
-0.27523774,1.5054199,0.66555893
-0.35352892,0.0054429704,0.0077512474
0.010704273,1.8089311,0.8003182
-0.09205067,1.3456898,0.37902126
-0.22277337,1.5360285,0.66978765
-0.24244864,0.07353358,0.09370868
-0.3197599,1.3541751,0.48762736
0.014352398,0.010822162,0.010667948
-0.13937844,0.00023835326,0.00027400113
-0.1913817,0.03766224,0.045606017
-0.06274645,0.00026470816,0.00028184982
0.029967166,1.8095603,0.78565997
-0.11944266,0.00092666014,0.0010442242
-0.14496662,1.6140273,0.70981616
-0.15215148,0.0001374951,0.00016009057
-0.11020348,1.2396165,0.2675331
0.0134017635,1.9740887,0.9611213
-0.27491546,1.5877509,0.7737266
-0.18410023,1.679838,0.817258
-0.03895764,1.5613613,0.58366215
0.004513005,0.0010226748,0.0010180698
-0.28746322,0.00034923057,0.00046553882
-0.25372604,0.05931147,0.07644173
-0.1790959,0.00017155161,0.00020519897
0.10451942,1.9196365,0.82836926
-0.12078583,1.8688203,0.9803623
-0.37250608,0.0057882043,0.008400811
-0.11833717,0.5981644,0.67330796
-0.08962322,1.8300277,0.9078528
-0.017927378,1.4236815,0.43134555
-0.47102767,1.5756139,0.9219257
-0.14359905,0.16935001,0.19550124
-0.21818441,0.00014872754,0.00018498975
-0.11962028,1.8370165,0.9433752
-0.17176034,0.2399219,0.28488165
-0.41827708,0.03008126,0.04570371
-0.10642025,1.3697503,0.41126925
0.033242833,1.3792666,0.366866
-0.027649954,0.05449162,0.056019336
-0.056472182,1.3006201,0.31808525
-0.10378552,0.34965777,0.38789725
-0.07689081,8.5038075e-05,9.183466e-05
-0.06574697,7.892364e-05,8.428701e-05
-0.15506756,1.8184924,0.9557837
0.008986717,0.68955535,0.68338627
-0.18144974,0.00059685373,0.0007156003
-0.034828976,1.6606294,0.6840438
-0.09351333,1.2917145,0.32030997
-0.22080274,0.3455536,0.43093207
-0.2635428,1.4766762,0.62040985
-0.1571463,1.5467411,0.6397784
-0.16668345,0.6083966,0.7187477
-0.02699868,0.058179192,0.05977135
-0.070364594,1.5817556,0.62416524
-0.004177483,0.0031413012,0.0031544513
-0.05189305,0.15579346,0.1640915
-0.04475959,1.6277821,0.6565198
-0.19637862,1.7811956,0.95070535
0.006648734,0.039343838,0.039083116
-0.18993406,0.0009134501,0.0011045163
-0.042149793,1.6660024,0.6946743
-0.44299772,0.008091836,0.0126019735
-0.23648599,0.40603295,0.5143584
-0.18767014,1.4124296,0.4975696
-0.077136636,1.917088,0.9906289
-0.19231047,0.0024401373,0.0029575606
-0.12779278,0.030323679,0.034457326
-0.05796519,1.6274195,0.66486275
-0.17044812,1.3253797,0.38584703
-0.18665026,1.4310993,0.5195633
-0.1120111,0.00035329725,0.00039517187
-0.07999282,0.0039294222,0.004256662
-0.05595959,1.4029582,0.42615038
-0.09445284,6.944854e-05,7.632793e-05
0.029543124,0.0015341557,0.0014894948
0.0082669,0.0013086437,0.00129787
-0.12668788,0.1838549,0.20868684
-0.1492923,0.05479508,0.06361776
-0.07539739,1.8885013,0.9580821
-0.24978592,0.00075596554,0.0009704711
-0.025493775,1.7810831,0.80125195
-0.15050119,0.00010016827,0.000116437266
-0.03137454,7.65387e-05,7.897813e-05
-0.24933349,1.2393862,0.30717316
-0.16054189,1.4095656,0.48089015
-0.014400562,1.8923674,0.9053109
-0.14940533,1.5204835,0.60435605
-0.04027446,0.093027264,0.09685035
-0.19209662,1.445494,0.5398442
-0.11034341,1.7871907,0.87902546
-0.010696494,1.5587231,0.56473154
-0.13659227,0.006048518,0.0069337827
-0.4939221,0.00018824733,0.00030848672
-0.23538038,0.0056258626,0.00711891
-0.012307528,0.005121912,0.005185339
0.09293908,1.8601496,0.7838105
-0.081111744,1.6007414,0.6514993
-0.26040676,0.72589344,0.9418161
0.026338514,0.028087312,0.02735719
-0.046843056,0.0005362836,0.0005620024
0.019625537,1.4606804,0.4517274
0.060143754,2.0437245,0.98280156
-0.21889672,1.2102047,0.2616424
-0.07504435,0.0007837307,0.00084480835
0.020961227,1.1932118,0.18920396
-0.04029209,0.00016907106,0.00017602238
-0.22239396,0.0014331007,0.0017900334
-0.0039047413,1.3611801,0.3625931
-0.067373574,0.013698656,0.014653385
0.088478915,1.7974997,0.7299694
0.00042543188,0.0011363311,0.0011358478
-0.14559324,1.6934371,0.80211633
-0.031519447,1.2326149,0.24006352
-0.17029409,0.2405559,0.28521594
-0.2976919,0.00068907434,0.00092800864
0.043586038,1.6835256,0.65437335
-0.40898725,0.0011604581,0.0017468289
-0.079260856,1.6764086,0.7322033
-0.2824121,0.0021528706,0.0028554066
0.021233957,1.201963,0.19771965
-0.246761,6.0580984e-05,7.753598e-05
0.045818567,1.9879872,0.9437404
-0.44520164,1.2088224,0.325931
-0.08411096,0.0007044,0.00076621084
-0.2445048,0.00012889919,0.00016460282
0.021304568,1.3299191,0.3229647
-0.12103637,0.0011670042,0.001317158
-0.13813552,1.5837162,0.67018276
-0.123740405,1.5548655,0.6279535
-0.107734725,1.4856181,0.5408583
0.02486018,1.7796316,0.7604888
0.023242587,0.65730864,0.6422073
-0.049154274,1.2338396,0.24562098
0.0834236,1.9126437,0.8395969
-0.17380962,0.12330907,0.14671671
0.017438574,1.9893698,0.97226614
-0.028891455,1.5599799,0.5763945
-0.06512234,0.022956073,0.024500778
-0.21075633,1.6330042,0.7815141
-0.11466252,1.5589163,0.6268217
-0.17445678,0.0037809445,0.00450159
-0.12336342,1.6025856,0.6817024
0.014569808,1.4380572,0.4317211
-0.15369835,1.5218642,0.6085661
0.05707425,1.8014051,0.75694627
-0.127178,1.2465197,0.2799525
0.030070417,0.2069047,0.2007756
0.008851644,1.8410237,0.833612
-0.20597476,0.0111319935,0.013678127
0.021384783,1.847568,0.8296354
-0.022660993,1.8331066,0.85220116
0.02327231,1.2679082,0.26174533
0.07204593,2.0480728,0.97521913
-0.094077155,1.2880592,0.31647474
-0.22715044,0.0013851468,0.0017383851
0.012836877,1.0636994,0.06288693
0.0021793137,1.9111309,0.9091475
0.09842889,1.3981593,0.36083588
-0.053752556,1.4881535,0.51511097
-0.1448521,0.012969651,0.014991212
-0.10421673,1.5976428,0.6632884
-0.043829788,0.095335044,0.09960648
0.048371032,0.050665986,0.048273545
-0.1542605,1.5757959,0.6718356
-0.049376115,1.5290062,0.55578214
-0.008476763,1.6671201,0.67279917
-0.051709637,1.259788,0.27357498
-0.038775645,1.2683872,0.27899846
-0.154238,7.593672e-05,8.860057e-05
-0.04393023,1.3816429,0.3987823
0.0053665414,0.16644949,0.16555862
-0.014880383,0.00010809687,0.00010971743
-0.026954427,1.9330027,0.95849323
-0.17804028,0.009339259,0.011159233
-0.1028807,1.5027963,0.5572788
0.044513647,1.8983576,0.85924536
-0.1254993,0.0004884055,0.00055371237
-0.1158133,1.0968368,0.10872709
-0.01922879,1.3652968,0.372389
-0.03586273,0.015789576,0.01636611
-0.24791983,0.44718298,0.57300115
-0.0056290478,0.5464699,0.5495547
-0.25153136,0.00037681352,0.00048457962
-0.29205376,1.3580713,0.47952017
-0.2819613,0.0041514523,0.005503694
-0.0071128905,0.1408983,0.14190407
0.06130076,1.6717817,0.63183767
0.018935997,1.2520761,0.24734782
-0.13792048,0.13799672,0.15840426
-0.10596078,1.689168,0.766202
-0.14074124,1.7761514,0.8934486
-0.060865954,1.1149018,0.12211259
-0.045247532,1.2985835,0.31240398
-0.5300366,0.00030797123,0.0005232414
-0.25342467,1.238496,0.3072854
-0.2189752,0.0002893202,0.0003601459
-0.117363594,1.809071,0.90982306
-0.24435748,0.0062245685,0.007947533
-0.13696246,1.0770966,0.088413194
0.07862012,0.16523993,0.1527463
-0.06419846,0.042123523,0.04491648
-0.32601184,1.2032741,0.28162247
0.07557935,1.2747498,0.25474963
-0.11829855,1.2206506,0.2483599
-0.07337996,0.023967715,0.0257926
-0.025069036,0.00023975101,0.00024583732
-0.001036182,1.6202427,0.62088567
-0.062304337,0.21672314,0.23065545
0.25786003,1.691701,0.53447974
-0.19762738,1.6685863,0.81467783
-0.043939214,0.62214124,0.6500871
-0.04159823,1.8948216,0.93282956
-0.21266273,8.4864354e-05,0.00010497444
0.12111785,1.2719431,0.24092238
-0.14408846,0.0009147614,0.0010565368
-0.11189124,0.0051572924,0.0057678707
-0.0011176281,1.9159298,0.9169541
0.0027108807,0.01696469,0.016918765
-0.12957788,0.00019816183,0.00022557707
-0.1703558,1.4844754,0.5744554
-0.18192692,0.0029281937,0.0035124463
-0.2629623,1.5732284,0.74564266
-0.04577415,1.7359788,0.77045053
0.07228847,0.0049473047,0.004602292
-0.22804295,1.4439678,0.55768543
-0.30262083,1.457181,0.6187494
0.06170749,1.8756111,0.8232126
-0.006960092,1.6178737,0.62218916
-0.3969797,0.071084745,0.10572616
0.15674548,2.0671468,0.91232705
-0.12713614,1.1364914,0.15499581
0.03465058,1.3261254,0.31501842
-0.07088677,1.5563296,0.5971974
-0.02686423,0.01017039,0.010447313
-0.092485994,1.8583789,0.9415539
-0.043412864,1.0938866,0.09805226
-0.52307,0.03272007,0.055205286
-0.102333486,0.09023613,0.09995933
-0.24102993,0.009149491,0.011643267
-0.079415224,1.3897693,0.42198518
-0.13462637,0.008383876,0.009592069
-0.008974817,1.6490068,0.6548579
-0.46199813,1.3171079,0.50332713
-0.23835967,0.007627895,0.009681062
-0.08869495,0.2037047,0.22259776
-0.07135768,1.4083852,0.43859145
-0.17368244,0.09866489,0.11737941
-0.09334567,1.4375083,0.48031467
-0.30664986,1.235385,0.3198563
-0.37486076,0.00026677817,0.0003881059
-0.024496693,1.1620389,0.1660574
-0.18689215,0.20851773,0.25136754
-0.09458703,1.6942008,0.7630688
-0.084495686,1.0816791,0.08888062
-0.18415481,1.0235361,0.028295156
-0.09164217,1.64962,0.7119656
0.053069346,1.8187696,0.7764508
-0.065089285,0.0032122496,0.0034282873
-0.016814388,1.36317,0.36932814
-0.21312988,0.00011393359,0.00014099797
-0.22684097,1.5539565,0.6950106
-0.15006152,1.1152786,0.13394292
-0.2666473,1.3862119,0.5042305
-0.22162944,0.00013579566,0.00016948777
-0.062485766,0.0029340198,0.0031232033
-0.023035415,0.04364161,0.044658583
-0.0123432875,1.388216,0.39303762
-0.2801985,0.007672093,0.01015319
-0.10683237,1.6113381,0.68026507
0.03857253,0.7430669,0.7149507
-0.104515046,0.3188146,0.3539391
-0.01594992,1.9789846,0.9947244
-0.067473575,0.8502604,0.9096103
-0.040870853,0.061856005,0.06443649
0.018467661,1.9095716,0.8929281
-0.22099987,1.1664897,0.20766646
-0.1118365,1.8333504,0.93196064
-0.037923917,1.7867546,0.8171645
-0.04451491,1.4134457,0.43226603
-0.034159787,1.6012719,0.6221661
0.09082038,0.35150892,0.32099152
-0.09061529,1.8101962,0.8870414
-0.10687232,0.003599954,0.0040060007
0.080816045,0.0005614476,0.0005178586
-0.102077186,1.7993381,0.88524204
-0.001308335,1.8403366,0.8414368
-0.025479455,1.2624656,0.269239
-0.20760886,1.7260056,0.8935181
-0.3167919,9.60679e-05,0.00013187403
-0.036180265,0.3094863,0.3208886
-0.21913105,1.0859933,0.10706122
-0.03367723,0.00013611739,0.0001407795
-0.24776722,0.05502322,0.070493646
-0.067528546,1.8124216,0.86917794
-0.03762073,1.2322676,0.2411722
-0.10348445,0.051556468,0.057177592
-0.0014533196,1.8753631,0.87663627
-0.09936403,0.10910326,0.12050109
0.015441751,1.3011962,0.29658097
-0.18165435,0.024189873,0.029008485
-0.0017995816,0.325363,0.32594904
-0.25182098,0.32143176,0.41347876
0.008857492,1.0621951,0.061646633
-0.067356564,0.11722053,0.12538809
-0.09822604,1.8180251,0.90245533
-0.15006411,1.3488022,0.40527633
0.035197545,0.00087265373,0.0008424727
0.05367425,1.8078198,0.76560384
-0.09785396,0.08581897,0.094641306
0.022450298,1.124616,0.12184951
-0.31781602,1.373559,0.5133161
0.045357354,1.0469012,0.044821452
-0.018599166,0.48374316,0.49282455
-0.011470526,1.8357252,0.8453666
0.1286179,1.7303343,0.6421902
-0.11462928,0.10216215,0.11457052
-0.09791167,0.0006321373,0.00069716235
0.07588791,0.095914945,0.0889055
-0.28862983,1.3898948,0.5203527
0.020476922,1.50491,0.4946761
-0.15502763,0.41685608,0.48675874
-0.16715053,1.1133939,0.13402385
-0.47489828,0.03395873,0.054600567
-0.13559295,1.620822,0.71097505
-0.16773109,1.8213692,0.9713665
-0.016638208,1.6234498,0.6339096
-0.30062866,1.3108668,0.41989028
-0.23330508,0.21467587,0.27108553
-0.40135345,1.2223082,0.33209386
-0.4684667,1.6069536,0.96963423
-0.45655888,1.5334768,0.8421638
-0.2420035,1.5065522,0.64524543
0.0972044,1.8845155,0.80258334
0.061114095,1.9705292,0.91299224
-0.13388957,0.24261636,0.27737516
-0.07826105,0.0077289734,0.00835815
-0.07244451,0.36470437,0.39210576
-0.15426731,1.5444388,0.6352528
-0.22990412,1.1082264,0.13620071
-0.2741454,1.1524951,0.20059305
-0.11368043,0.0015590979,0.001746804
-0.19955704,0.0065432466,0.0079884
0.041571435,0.0041596345,0.0039902576
-0.08127384,1.9168355,0.9944622
-0.061380595,1.8289094,0.8813822
-0.041716244,1.1172241,0.1222177
0.02469052,0.08764432,0.08550684
-0.2934277,1.61262,0.8215333
-0.012360506,1.5326245,0.5392489
-0.124527104,0.07502898,0.084978774
-0.041038103,1.5229162,0.5448221
-0.11790258,1.8780491,0.9879234
0.0153983645,1.6958005,0.6851684
-0.00042295083,1.2657883,0.2659007
0.0036663413,1.9381684,0.93473506
-0.10613048,0.022962276,0.025533292
-0.23394048,1.6332045,0.80009764
-0.02451548,0.05017605,0.051421344
-0.010614777,0.33590767,0.33949223
-0.091764204,1.1335944,0.14643364
-0.20780838,1.7998034,0.98453975
-0.100073546,1.7999275,0.8841217
-0.035915874,1.8667476,0.8984434
-0.24758339,0.013315249,0.017055852
-0.5072024,0.004172148,0.006928432
-0.18282464,0.008240906,0.009894063
-0.2695594,0.05011243,0.065616585
0.004142288,1.6057391,0.6032351
0.016040463,0.0005911518,0.0005817451
-0.038261585,0.004829422,0.005017784
-0.006252922,0.0036185142,0.0036412112
-0.15390451,1.5885651,0.68649024
-0.011099026,0.00051602384,0.0005217831
-0.10678844,1.0086583,0.009634057
-0.17137644,1.3369284,0.39991295
0.026860055,1.6862117,0.6680253
-0.14420988,1.8297793,0.95849997
-0.054408133,1.5069275,0.53527254
0.01937794,0.0016723286,0.0016402343
-0.051133595,0.12392525,0.1304268
0.047522567,0.003340936,0.00318588
-0.25788546,1.5872133,0.7599658
-0.12977377,0.1287518,0.14659303
-0.0653238,0.22521093,0.24041373
0.014732156,1.9567611,0.9427693
-0.0029565487,1.947223,0.9500275
-0.14110403,0.120605476,0.13888256
-0.17862688,1.5367867,0.6417685
-0.35561097,0.070986174,0.10130098
-0.070813656,9.889458e-05,0.00010615159
0.009208195,1.899604,0.8913582
-0.30392402,0.0024513185,0.0033219436
0.036071163,1.7371489,0.7110329
-0.2185313,1.441796,0.5497037
-0.3309433,7.704558e-05,0.00010726908
-0.20610155,9.599274e-05,0.00011796337
0.020146808,2.003963,0.9839387
-0.15316,1.0464679,0.05415891
-0.45344475,0.05088746,0.08008282
-0.24600992,1.2685765,0.34348574
-0.038266074,1.8615079,0.8951133
0.03596526,1.4756666,0.4588632
-0.14375597,1.5621399,0.649048
0.0035793968,1.821865,0.8189284
-0.00979621,1.6536691,0.66010404
-0.03563629,0.45744467,0.47404024
-0.006303489,1.5732086,0.57683325
0.016801752,0.0129196085,0.01270435
-0.12106249,0.0057056565,0.0064399485
0.020505741,2.0157413,0.9951248
-0.04631216,1.7120404,0.745792
-0.17696756,0.0005832536,0.0006961671
-0.10771436,1.7458143,0.83063537
-0.13810697,0.014375895,0.016504942
-0.13042106,0.058751225,0.06693574
-0.14819594,0.00777427,0.009016133
-0.2377691,0.31241077,0.39626688
-0.12696409,1.0374672,0.04253944
-0.036184,1.6785424,0.70354426
0.020328972,1.394781,0.3868365
-0.24047284,1.3926489,0.49939078
-0.3313144,1.6077051,0.8464102
-0.30729464,0.0005419466,0.0007369073
-0.059228398,0.044418555,0.047128864
-0.071993664,1.804883,0.8649663
-0.21335244,1.6395447,0.7916417
-0.045144588,0.007473186,0.007818291
-0.051518053,1.6333978,0.6668845
0.063032575,0.37335086,0.35054392
-0.15023993,1.8308315,0.9655201
0.08394428,1.8840992,0.8129137
-0.17976157,1.3015566,0.36094263
-0.028084978,1.8224974,0.8459247
-0.079956904,1.6873717,0.74458885
-0.111575074,0.037310813,0.04171489
-0.28683707,7.2602146e-05,9.6721094e-05
0.0021107122,1.947367,0.94536936
0.035763588,0.00048352286,0.00046653592
-0.19298692,1.6160007,0.7471269
0.028823212,1.8313825,0.8077615
-0.06788282,0.65740764,0.7035839
-0.12998834,0.23451746,0.26707202
-0.07538581,1.2689317,0.28998914
-0.016189052,0.0022336564,0.0022701113
-0.13723713,0.0036382359,0.004173421
-0.0314794,0.00013958827,0.00014405232
-0.2233087,1.4427823,0.55356926
-0.11365429,1.6594825,0.738861
-0.2724187,0.00021662013,0.00028445185
-0.13893288,1.8631246,0.9917707
-0.010520432,1.9553876,0.96549183
-0.58128893,0.005417697,0.009688695
-0.065349326,1.8088987,0.8635251
-0.03225243,1.8738713,0.9025152
-0.03927221,1.7919269,0.82364637
-0.12603867,1.4366165,0.49526557
-0.13945544,1.7156987,0.8228013
-0.27589244,0.016911898,0.022284914
-0.2376612,0.00010757225,0.00013643166
0.045597937,1.810739,0.7746011
-0.14101934,0.47927687,0.5518619
-0.21234435,0.4532636,0.5604938
-0.24376777,1.0132216,0.016871372
-0.10170065,0.0027661913,0.0030623176
-0.1675919,0.0002425563,0.00028681164
-0.06424093,1.7138436,0.76120657
-0.109516956,1.8508062,0.94927776
-0.20586665,0.00052834937,0.0006491244
-0.13830194,0.0062257606,0.0071491785
-0.03847377,1.6703925,0.6966877
-0.37369156,1.6009482,0.8732312
-0.12343142,1.5861683,0.66317457
-0.017210633,1.7482071,0.7611956
-0.05309236,1.5829735,0.6147613
-0.101992436,0.0015693407,0.0017378487
-0.055949956,0.004909405,0.0051919157
-0.26879328,1.6234372,0.8156955
-0.40305597,1.3551533,0.531448
-0.09912077,1.5265704,0.5814389
-0.24314062,1.3548416,0.45251095
-0.05415151,1.8260391,0.87200356
0.051365327,1.4338629,0.41214
-0.058246605,1.7403113,0.7847124
-0.0022746501,0.009635357,0.009657299
-0.1991339,1.4615483,0.5632483
0.057311542,1.8732438,0.8246039
-0.10180491,1.8923042,0.98793006
-0.20781109,1.4422458,0.54439604
-0.1260903,9.016848e-05,0.00010228574
-0.148702,0.0031802054,0.0036900786
0.06115284,1.100098,0.094160154
-0.057710905,1.8006805,0.8482479
-0.028777918,0.03338572,0.03436045
-0.10949804,1.5851476,0.6528597
0.06874225,0.93055016,0.8687312
0.0050436296,2.002412,0.997369
-0.25221807,0.0002120172,0.00027284
0.12703468,0.5122292,0.45112187
-0.021812536,1.9400337,0.96076345
-0.1980449,0.22527951,0.27461958
-0.0077801794,1.757198,0.7631121
-0.072642356,1.4021615,0.4324627
-0.40271378,1.1420196,0.21244411
-0.01360181,1.4111007,0.41673067
-0.06969789,1.570505,0.61168647
-0.12605163,1.1211411,0.13741522
-0.35848096,0.10050816,0.14384264
0.0014753528,1.20082,0.20052391
-0.2587043,1.0102742,0.013307614
0.06418112,1.4755781,0.44601387
-0.05315476,1.5954838,0.62799287
-0.20182042,0.66723514,0.8164478
-0.104814045,0.06393003,0.070994556
-0.2825279,1.5302026,0.7033025
-0.06613766,0.3659107,0.39092943
-0.17869121,1.8072922,0.96524024
-0.12054671,1.4988947,0.5628098
0.056064583,1.51741,0.48919985
-0.15143926,1.691077,0.80407345
-0.045971524,1.9103545,0.95318174
-0.053315066,0.0034061205,0.0035926462
-0.023766205,0.00032863737,0.0003365414
-0.1019883,1.3054181,0.33821103
-0.15758596,1.539917,0.63207084
-0.3679699,1.6359065,0.9187567
-0.039265282,1.647748,0.6736879
-0.083363995,0.129705,0.14098121
0.029440776,0.27668402,0.26865694
-0.18035093,1.7253357,0.8686893
-0.25516227,0.26652825,0.3440003
-0.014628667,1.5527223,0.5608673
-0.04992397,1.5993702,0.6300527
-0.034249555,1.7218989,0.7470519
-0.07392897,0.00058145664,0.000626072
-0.17172575,0.0015039913,0.0017857674
-0.00900463,0.0549826,0.055479933
-0.3172359,1.5572912,0.76534265
-0.07777503,1.402041,0.43455783
-0.07388525,1.8325727,0.8964171
-0.22351523,1.4619763,0.57768506
-0.052474283,0.20518774,0.21624233
-0.02109315,1.4890339,0.4994588
-0.07730268,1.5129526,0.5541781
-0.293755,1.5781815,0.7756046
-0.06023555,1.5359969,0.56927526
-0.18618275,0.01498239,0.018048422
-0.15973058,0.002539755,0.0029796273
-0.22384462,1.2782421,0.34804657
-0.069531016,0.60451883,0.6480474
0.15003544,0.8709383,0.749597
-0.23320995,0.008590056,0.010846204
-0.12717041,0.08120688,0.09221938
0.009544184,1.5268531,0.52184856
0.05076832,1.5971043,0.567547
-0.079522826,1.5763402,0.62404406
-0.10515219,0.0014042933,0.0015600008
-0.09216221,1.7089307,0.7773727
-0.04905182,1.2020398,0.2121973
0.004023955,1.901603,0.89798224
-0.1233454,0.0026388003,0.0029852092
-0.059050724,0.03530997,0.037457842
-0.12709194,0.016655037,0.018912151
-0.2753904,0.08374382,0.110294364
-0.048416235,1.6435289,0.6754528
-0.19539829,1.8005805,0.9733418
-0.021405067,1.2062163,0.21067804
-0.11069286,1.5469992,0.61102647
-0.20142077,0.6699669,0.81946284
-0.05325532,1.5600849,0.590721
-0.121927924,1.8612608,0.9729428
0.029314857,0.31463027,0.3055408
-0.14796229,1.1226395,0.14219682
-0.2707714,0.0069433954,0.00910262
-0.19398873,0.015600846,0.018940715
-0.0059291385,1.9849336,0.9907907
-0.13461767,1.3796178,0.43432045
-0.06896708,0.47705454,0.5111167
-0.12256525,0.04732529,0.053496175
-0.24760556,1.57067,0.7310024
-0.248971,0.000101821,0.00013060629
-0.052009728,0.018673686,0.0196706
-0.028844869,1.8895395,0.91557175
0.07167977,1.8991919,0.83699375
-0.013148342,0.023668814,0.023982074
-0.15661868,0.020433469,0.023897953
-0.12043505,1.7964407,0.8983752
-0.0031070672,0.007597404,0.0076210466
-0.27397943,1.5791461,0.76168585
-0.23219422,1.3790859,0.4781656
-0.05627171,1.6938093,0.73397046
-0.08758753,1.6196432,0.6763639
0.010334928,1.8984761,0.88923836
-0.07285898,1.3514841,0.37804887
0.055895574,1.1065638,0.100770734
-0.09615067,1.468577,0.5158681
-0.026455384,0.0018189411,0.0018677042
0.010384042,1.4274985,0.42308232
-0.473242,0.0040528215,0.0065055476
-0.007972233,0.06252804,0.06302852
-0.14386283,0.00986692,0.011393586
-0.03417451,1.6614841,0.68448067
-0.034417447,1.0008332,0.00086231285
-0.14549711,1.8166194,0.94451386
-0.106120974,1.1832417,0.2037568
-0.22258072,1.4073615,0.5089154
-0.070765994,1.7257693,0.77899003
-0.07241744,1.1802698,0.19380882
-0.008672504,0.0022230172,0.0022423803
-0.07265655,1.7521588,0.8088423
-0.10417612,8.813836e-05,9.781559e-05
-0.3469231,0.12362191,0.1748889
-0.037570216,0.107529536,0.111646295
-0.11489303,0.23457924,0.26314005
0.025079861,1.9351281,0.9119669
-0.117252275,0.00032952137,0.0003705148
-0.09334509,1.2154405,0.23651935
-0.05314475,1.643107,0.6782093
-0.010760099,1.5332909,0.53906
-0.23930034,0.017413685,0.022121651
-0.08915995,0.5080844,0.5554661
-0.40331998,0.2886356,0.43202567
-0.23558168,1.1416496,0.17927803
-0.1629449,1.5166309,0.6080599
-0.054763664,1.2547473,0.26908726
-0.08525829,0.19838637,0.21604241
-0.014686266,1.7893484,0.80102646
0.030199595,1.4752233,0.4610862
-0.0009771418,1.4724267,0.47288853
-0.017934483,0.20030734,0.20393217
-0.18068947,1.5604634,0.67145944
0.029738449,1.9407687,0.9132036
-0.10823929,1.6640115,0.7399176
-0.08311204,1.5743032,0.6240743
-0.025435284,1.364766,0.3741629
0.013922736,0.0035822578,0.0035327286
0.0937334,0.51306915,0.46716255
-0.12945262,0.031054419,0.0353463
-0.24571891,1.2667452,0.34104443
-0.05172513,1.037038,0.039004203
-0.13819447,1.1588666,0.18241046
-0.042176824,0.6098908,0.63616425
-0.094173014,1.4757266,0.5227045
-0.018499691,1.7663052,0.7806136
-0.10109833,0.00037251136,0.00041214118
-0.08625992,0.008620287,0.0093968855
-0.29060948,1.1839051,0.24592574
-0.080830336,1.701153,0.760181
-0.04366014,1.7566032,0.7903684
-0.108213335,1.2954323,0.32919586
-0.13203883,0.0006540576,0.0007463795
-0.16851684,1.6170753,0.73033834
-0.27930558,1.6503272,0.85986996
-0.52513164,0.00020304834,0.00034329004
-0.19700943,0.0004143713,0.0005046029
-0.026323378,0.00021137617,0.00021701418
-0.1134764,1.1813152,0.20310307
-0.04967289,1.2121483,0.2229525
0.049327005,1.6776578,0.6450421
0.03605625,1.8101645,0.78147334
-0.2051793,1.0595719,0.073139094
-0.28063077,1.2515097,0.3329899
-0.5329127,0.0030252093,0.005154618
-0.09010668,0.002199046,0.0024063964
-0.06458098,1.6696802,0.7143559
-0.16187122,0.63772327,0.7497769
-0.22110035,1.2159927,0.26943973
-0.25841072,0.0034819802,0.0045087133
-0.13875078,0.40861383,0.46943098
0.036560766,0.00019221968,0.0001853189
-0.20441663,0.00090531306,0.0011106464
0.04407707,0.0009238198,0.00088398485
-0.02927557,1.5143217,0.52960134
-0.09040515,0.39096466,0.42795682
-0.032789435,1.2151008,0.22227074
0.025922734,1.1516377,0.14775737
-0.21553272,1.4267806,0.529431
-0.0864999,0.0062291035,0.0067919106
-0.22750083,0.0016296132,0.0020459117
-0.38211745,0.3837616,0.56235814
-0.034484506,0.24303856,0.2515658
-0.25803724,1.4106858,0.53158635
-0.10877699,0.0017490495,0.0019500392
-0.09652933,1.736966,0.8116516
-0.091323435,1.4147143,0.45437074
-0.07301313,0.007485738,0.008052743
0.057172786,1.2108229,0.19910772
-0.054105856,0.19352698,0.20428637
-0.39327407,0.15922864,0.23594888
-0.040713456,0.029552214,0.030780217
-0.25719723,1.044961,0.05814807
-0.17806718,1.2636164,0.31499678
-0.17490107,1.4922789,0.58636737
-0.2731108,1.5686735,0.747263
-0.0836613,1.0632075,0.06872303
-0.17343134,0.41298363,0.49119404
-0.045354005,1.373,0.3903066
-0.12134701,1.4603181,0.51970685
-0.08186819,1.791847,0.8594017
0.0013605524,1.5582666,0.55750763
-0.37454125,0.012916049,0.018784123
-0.12717475,0.017370457,0.019726159
0.07233478,1.9722483,0.9044042
0.020527162,1.2382112,0.23337123
0.0077493005,1.8606427,0.853999
-0.12668094,1.7284179,0.82679427
-0.25236875,0.63649476,0.8192136
-0.14295144,1.6973354,0.80449754
-0.07941435,0.77597564,0.8401122
-0.085365415,1.8505399,0.9263358
0.01762345,0.005002909,0.004915513
-0.11450405,0.0004235465,0.00047492993
-0.42137036,1.3661821,0.55807924
-0.07013811,1.5852175,0.62773716
0.09282908,1.9015098,0.82159024
-0.33699107,0.035385244,0.04956505
-0.11058496,0.055148896,0.061597522
-0.33223045,1.6127181,0.8541745
-0.13390325,0.069399275,0.079342954
0.006938435,1.8336475,0.82788324
-0.005879391,1.71503,0.71924627
-0.05515058,0.000118629934,0.00012535622
-0.06603898,0.13811758,0.14754663
0.015350454,0.0020893342,0.002057507
-0.3099611,0.008079583,0.0110154785
-0.064958446,1.7447517,0.7947355
-0.15545054,1.0688245,0.08039971
-0.5050355,1.2592837,0.4296446
-0.2920545,0.0056336494,0.0075444477
-0.045727715,1.38059,0.39839754
-0.2670679,1.5474685,0.7150646
-0.02159085,1.4667497,0.4769367
0.017771091,1.8795629,0.86407024
-0.20546338,0.0281348,0.03455218
0.093917266,1.4404061,0.40092722
-0.06978065,1.5804877,0.62244123
-0.033668064,0.25487185,0.26359898
0.03034892,0.0002941011,0.00028530954
-0.184715,0.4902716,0.58973575
-0.057965033,1.8027573,0.85066414
-0.048264507,0.2198591,0.23073074
-0.10941932,1.1398137,0.15598033
-0.0047756024,1.0124797,0.012539461
-0.14546861,1.3317678,0.3837165
-0.03318569,0.6946849,0.7181253
-0.080542445,0.399594,0.43310988
-0.018647276,1.4597878,0.46844202
-0.0023618117,1.6492724,0.65080774
0.007459199,1.8255026,0.81936806
-0.21491945,0.008020981,0.009944108
-0.23041509,0.06012351,0.07570286
-0.3838786,1.067458,0.09902625
-0.2752757,0.0001649313,0.00021719701
-0.21136399,0.056015104,0.06919892
0.061436187,0.26094928,0.24540006
-0.020415349,0.0010163707,0.0010373335
-0.10570218,0.006658951,0.007401362
-0.011013735,1.7234284,0.73144007
-0.3441727,1.3549589,0.5007839
-0.087967,1.5683355,0.62059516
-0.2457875,0.58855176,0.7525387
-0.25369993,1.5304184,0.68359536
-0.29675025,6.252255e-05,8.412279e-05
-0.15978919,0.0001100681,0.00012913888
-0.2244414,0.1144447,0.14324167
-0.021015387,1.1252196,0.12787898
-0.20084833,0.0022667383,0.00277095
-0.08959997,1.3811331,0.41685927
-0.16685867,0.00028034992,0.0003312579
0.01429506,1.8775069,0.86505216
0.021373639,0.100692935,0.0985636
-0.15146852,0.8321965,0.9682953
-0.13283454,1.6063328,0.69246894
-0.097948216,1.3902267,0.4303832
-0.045455,0.0012915992,0.0013516637
-0.29083714,1.73278,0.9801275
-0.08592821,1.1708599,0.18619084
-0.21817537,1.5726905,0.7123154
-0.2546636,1.328718,0.42405528
-0.17051224,0.0018316387,0.0021721628
0.009241991,1.8499312,0.8421124
-0.091933936,1.4847664,0.5314456
-0.1804823,1.0183221,0.021946125
0.023228992,0.006986055,0.006825647
-0.07525304,0.023850001,0.025714044
0.044042334,1.6927197,0.6628727
-0.22432679,1.155939,0.19515447
-0.100281894,1.8286363,0.9160429
-0.34411615,0.4706067,0.6639049
-0.14379863,1.6421695,0.741482
-0.09938636,1.8636897,0.9539391
-0.1710646,0.0010033736,0.0011905705
-0.39468265,9.088674e-05,0.00013486802
-0.035694674,1.8820932,0.9141479
-0.07038614,1.6889148,0.7391522
-0.09337307,1.3129342,0.34356135
-0.08861393,0.0063784206,0.006969437
-0.12085499,1.8752332,0.9876667
-0.10526644,0.039674103,0.04407819
-0.053623617,0.009809211,0.0103495745
-0.12081807,0.6944194,0.78359646
-0.1521834,0.023479423,0.027338823
-0.03067486,0.007929723,0.008176736
-0.11912704,0.35261333,0.3972235
-0.2412988,0.0020266457,0.00257972
0.040691856,1.1821685,0.17490445
-0.10187435,1.7615348,0.8432051
-0.10997415,0.28345346,0.31640473
-0.12931174,0.00040051254,0.0004558012
-0.051510014,0.011660883,0.012277274
-0.008602258,1.4618723,0.4658626
-0.101882204,0.00028189467,0.00031212872
-0.058014866,1.7920192,0.83932716
-0.12972976,1.7381694,0.8404211
-0.057844236,0.00040974974,0.0004341503
-0.12162861,1.4415871,0.4986996
-0.032176517,0.014337471,0.014806303
0.01257427,0.025101054,0.024787406
-0.2871762,0.00017515413,0.00023342072
-0.009268321,1.885846,0.89409447
-0.17337747,0.006090796,0.0072438754
-0.13774072,0.17973185,0.20627426
-0.023568919,1.7368314,0.75440407
-0.006676819,0.0078719,0.007924635
-0.15232092,0.0009164743,0.0010672654
-0.027045187,1.2709968,0.27842596
-0.031933896,0.0010672795,0.0011019119
-0.045743827,1.4393358,0.45989951
-0.10574074,1.1025705,0.114010565
-0.3883453,0.0008874026,0.0013085096
0.008284405,1.7927337,0.78619343
-0.019714616,0.0017003275,0.0017341815
0.05699028,1.5601633,0.529132
-0.14127222,1.8674461,0.9990707
-0.30413112,1.5640932,0.76459837
0.012242142,1.350677,0.3464102
-0.039775748,1.8870068,0.9229991
0.03980466,1.9421623,0.90539634
-0.04928769,1.910095,0.95607525
-0.23997876,1.2792271,0.3549597
-0.21465582,0.15466315,0.19169495
-0.054922972,1.6131682,0.6477873
-0.13290967,1.7574998,0.86517596
-0.2837271,0.00012487067,0.00016583703
-0.2447201,1.7710655,0.9848541
-0.106458806,1.7782582,0.8656816
-0.17490855,0.0065414696,0.0077917883
0.015140355,0.031068992,0.030602142
-0.18235841,0.0006464543,0.0007757737
-0.11582999,9.868882e-05,0.000110808294
0.025716946,1.6805203,0.66324246
-0.13809608,1.8453412,0.9705242
-0.011675414,0.0022044678,0.0022303567
-0.15921547,0.37776276,0.44296107
0.05173741,1.480348,0.45612794
-0.04379974,1.7996446,0.8354472
-0.14363118,0.00015020151,0.00017340136
-0.072833024,0.00012768003,0.00013732637
-0.042958647,1.3944267,0.41174
0.00603557,1.7044804,0.70024127
-0.019308787,1.8450491,0.8615246
-0.0261833,0.00025255646,0.00025925657
-0.15113053,1.5818448,0.676772
-0.10708677,1.0257189,0.028625973
-0.0705475,0.37684727,0.4043931
-0.08174221,1.5130556,0.55675554
-0.18213165,0.013546177,0.016252326
-0.08435694,0.16244231,0.17674002
-0.23379575,1.2813265,0.35542408
-0.14548753,0.004688044,0.0054222075
-0.0375638,0.09622215,0.099905364
-0.46967897,0.5739337,0.91799587
0.036850207,1.3187774,0.3072442
-0.07941795,1.876324,0.9487581
-0.043290466,1.947263,0.9891711
-0.14515893,1.556263,0.6431643
-0.045369085,1.8543155,0.89396775
-0.335442,0.00025989726,0.0003634815
-0.08775923,0.1376618,0.15028885
-0.0064173415,1.3716106,0.37400302
0.011799224,1.2130551,0.210556
-0.065171815,1.1204617,0.12857383
0.0128732845,0.0035676018,0.0035219693
-0.015877103,1.3555835,0.3612742
0.078510344,9.561086e-05,8.839152e-05
-0.011705488,0.06810602,0.06890792
-0.28971592,1.2933879,0.3919803
-0.12345963,0.08921259,0.10093551
-0.11241901,0.0054446966,0.0060925153
-0.10613513,0.24611089,0.27366844
0.025491465,1.8391478,0.8180271
-0.14384723,0.00020977209,0.00024222545
0.017601738,0.00014323895,0.00014073976
0.027028188,0.00056574546,0.00055065914
0.0411318,1.7205017,0.6914673
-0.124048635,1.5962327,0.6749776
-0.034470927,0.012327126,0.012759462
-0.1885291,1.3227932,0.38976383
-0.00064878166,1.7408723,0.7413531
-0.120110966,1.1391511,0.15690981
-0.15988347,1.6180594,0.7252149
0.010544549,1.4274559,0.42297226
-0.0016770549,0.1500543,0.15030617
-0.223128,0.0005260786,0.00065758807
-0.3350239,0.0015286142,0.0021369625
-0.051568825,1.0925477,0.09744539
0.02279383,1.3719728,0.36358997
-0.0963144,0.00038234168,0.0004209984
-0.11102298,1.3654827,0.40839782
-0.21231614,0.010708601,0.0132416
-0.0782489,1.2000431,0.2163249
-0.22964081,0.0005755462,0.0007241223
0.0032486022,1.8203275,0.81766695
-0.0025025588,1.8545375,0.8566787
-0.053764306,1.5610712,0.59206235
-0.5394407,0.00016321731,0.0002799254
-0.14361627,1.6972849,0.80497444
-0.16570272,1.2524066,0.29789582
-0.29169878,0.001265487,0.0016941071
-0.09001261,1.8826311,0.9657644
0.039404757,0.6240119,0.599901
-0.47235513,0.004861023,0.007795947
-0.20934819,1.372462,0.45919874
-0.036995854,1.879107,0.9122393
-0.21372768,0.17115995,0.21194486
-0.10659231,1.2150998,0.23929442
-0.20305829,1.5341959,0.6544668
-0.27272075,0.00010724245,0.00014086653
-0.11690134,1.7714713,0.86714023
-0.34852636,1.3152093,0.44664457
0.012881095,1.6950736,0.6861777
-0.0027450658,1.5799193,0.58151346
-0.046208303,0.0028777746,0.0030138718
-0.11470245,0.0023699559,0.0026579995
-0.11346365,0.001463203,0.0016390084
0.009672301,0.00092588627,0.000916974
-0.121180624,0.6933577,0.7826822
-0.036647454,1.3622155,0.37573597
-0.2581676,0.00017238547,0.0002231626
-0.24348211,1.5980198,0.76288396
-0.024673345,0.0043275296,0.0044356324
-0.0894523,1.3722559,0.40708977
-0.14008506,0.00096467516,0.0011097349
-0.12889439,1.3963113,0.45083174
-0.13861315,0.008878701,0.010198783
-0.015619684,0.8651553,0.8787748
-0.50440705,0.14880453,0.2464208
-0.15674748,1.8374128,0.97952193
0.009269793,0.01647035,0.016318379
-0.15162931,0.54205686,0.63080716
0.0060119517,0.00010402827,0.00010340473
-0.014161022,0.26258337,0.26632828
-0.20993379,1.801652,0.9889151
-0.034318123,0.0022235615,0.0023011945
-0.009696623,1.6541548,0.6605288
-0.10723317,1.6381563,0.7103916
-0.20524488,1.7242168,0.88921195
-0.15582478,0.1806667,0.21113096
-0.06409529,0.014730576,0.01570565
0.07837686,1.1449357,0.13400985
-0.19872405,1.2455274,0.29950547
-0.061804526,1.3814087,0.4057252
-0.0021700338,0.005418388,0.0054301587
-0.17758787,0.0010360128,0.0012373442
-0.056618974,0.051795483,0.0548127
0.03670148,1.9036759,0.871111
-0.105610564,1.2356757,0.26192734
-0.09248255,1.8666221,0.9505925
-0.26816162,0.06605903,0.08637604
0.023033459,1.4985491,0.48719704
-0.2937595,1.1559165,0.20915592
-0.08576935,0.018760785,0.020440908
-0.00036343187,0.00050622213,0.0005064062
0.10100965,1.960572,0.8682843
-0.18390572,0.0030555448,0.003672467
-0.03069821,1.5876962,0.6060172
-0.18019904,0.009097448,0.010893791
-0.28334102,1.4882936,0.64823806
-0.09269129,1.6374972,0.6994127
-0.07179338,1.848032,0.9111538
-0.028492061,0.04497569,0.04627557
-0.08817051,1.8461096,0.9240992
-0.052350715,1.6350188,0.66914797
-0.43999216,6.712445e-05,0.00010422379
-0.09861334,1.8551414,0.9437677
-0.23192848,1.4386926,0.5532043
-0.010038227,0.00081582373,0.0008240544
-0.03504724,1.4797828,0.49689603
-0.06425546,0.00053761556,0.0005732943
0.00694027,1.8800938,0.8740069
-0.056367755,1.6870673,0.72690797
0.024944292,1.5965474,0.58185095
0.02096658,0.0003496401,0.00034238567
-0.101187386,1.3817301,0.42237827
-0.15255345,1.8197448,0.9548427
-0.2823578,0.0028914202,0.0038347552
-0.41361788,0.007532045,0.011390555
-0.07136223,0.0005301235,0.0005693368
-0.024326712,0.4509385,0.46204287
-0.096133634,1.1568713,0.17270052
-0.011666432,1.4541101,0.45943907
-0.103876635,1.4091206,0.4539044
-0.1481463,0.05423106,0.06289081
-0.27494127,1.377442,0.49688482
-0.16431953,1.758168,0.8935699
-0.061663702,1.643708,0.6846507
-0.20606498,1.6734517,0.8275597
-0.03648525,1.511245,0.5302423
-0.08926417,1.7362094,0.8049489
-0.09353957,1.7816236,0.8582649
0.06980555,1.4798992,0.44754204
-0.17167285,1.6138663,0.7288369
0.003823964,1.4792852,0.47745603
-0.07437783,0.00026825065,0.0002889633
0.08003068,1.319797,0.29520074
-0.027631987,1.8971071,0.9222417
0.0265057,1.9285986,0.90430886
-0.28838053,7.164632e-05,9.559517e-05
0.0033012368,1.3581265,0.35694623
-0.0706225,1.330288,0.35445717
-0.021397777,1.558165,0.5702371
-0.36265752,0.11627615,0.16710553
-0.27576068,0.090010785,0.118592136
-0.18176098,1.726896,0.8717865
-0.36326608,1.4527113,0.6510072
-0.049302887,1.7734095,0.8124965
-0.40949166,1.3989089,0.60077757
-0.33446774,1.4705856,0.6575005
-0.17821875,0.00075584557,0.00090330106
0.15929076,1.874352,0.7456022
-0.28109145,0.35321632,0.4678614
-0.23531905,0.14496599,0.18342726
-0.12691107,1.7218735,0.81955457
-0.1531372,1.5974133,0.69627625
-0.046463512,0.0019565653,0.0020496193
0.03920137,2.0183134,0.97916657
0.006829709,1.6114883,0.60732627
-0.31468123,0.0017570606,0.0024068612
-0.06957434,0.00014125614,0.00015143388
-0.08211149,1.1901994,0.20647609
-0.010349546,0.039001755,0.039407503
0.04980752,1.879701,0.8369586
-0.03713678,1.0573809,0.059551924
-0.21200933,1.5047634,0.6239679
-0.163238,0.25628775,0.30173188
0.005572874,1.9648767,0.9595143
-0.22845587,1.2147235,0.26983395
0.015456889,1.9623127,0.9475526
-0.03608097,1.930675,0.9648677
-0.0027739108,1.6695625,0.67142236
-0.02281753,1.953694,0.97570515
0.12850729,0.99883634,0.8783839
-0.28843495,0.00329986,0.0044031274
-0.027770894,1.3151944,0.32407033
0.027989117,1.941417,0.91543293
0.07334033,0.34494904,0.3205558
-0.07841991,0.0018232941,0.0019720325
0.14534245,0.0016563213,0.0014322643
-0.009809995,0.17334272,0.17505158
0.050631274,0.00039363097,0.00037419706
-0.20471318,1.5373478,0.6594188
-0.0826309,1.7693112,0.8355804
0.066505164,1.0672841,0.06295491
-0.08519556,0.018247074,0.019869786
-0.09425745,9.230854e-05,0.00010143255
0.028861867,1.9754628,0.94771147
-0.05624196,1.81653,0.86376923
-0.11712122,1.6384667,0.71779984
0.069936156,1.8702327,0.81145144
-0.18854533,1.3892828,0.47005585
0.043314427,1.3504255,0.33557108
-0.021662872,0.045504913,0.046501435
-0.063921124,0.010088478,0.010754402
-0.567052,1.4593142,0.80979943
-0.46348688,0.008869106,0.014098394
-0.034013942,1.9352384,0.96759677
-0.11231792,0.000110762885,0.0001239291
-0.17335571,1.6226311,0.7404884
-0.18404287,1.6938114,0.8340081
0.011235822,1.0043249,0.0042765774
-0.016706087,0.015344499,0.015602999
-0.016941253,1.5773088,0.58717245
0.06529948,1.5731397,0.53690976
-0.119072706,1.7997577,0.90088844
-0.1304981,0.0029002696,0.003304555
-0.00996536,1.1979055,0.19988759
-0.066022694,0.24913538,0.2661391
-0.08844374,1.270814,0.29585677
-0.0073743127,0.00021678385,0.0002183884
-0.12502836,1.7024219,0.7959709
-0.20640922,1.6897249,0.84784853
-0.22482279,0.01148829,0.014384496
-0.07017829,1.7865522,0.843734
-0.1553882,1.5127535,0.59895307
-0.07658752,1.6485178,0.7001376
-0.10118389,1.8510823,0.9417055
0.053450406,1.850991,0.80669945
-0.18220985,0.0002695066,0.0003233718
-0.0341932,9.460496e-05,9.789575e-05
-0.050815187,0.026161639,0.027525404
0.058193527,1.7807548,0.7366166
-0.13011584,0.019019524,0.021662483
-0.12102481,1.4314148,0.48691761
-0.25579566,0.0073108333,0.009441859
-0.1890422,0.05590154,0.06753419
0.051375847,0.0026431875,0.002510821
-0.17615697,1.1407236,0.1678305
-0.040859565,1.9259065,0.96452224
0.028585397,1.6735568,0.6545754
-0.022498097,0.2677556,0.27384788
-0.103774115,1.7336066,0.81382626
-0.043143533,0.00023342602,0.00024371724
-0.50141853,0.0019686548,0.0032503705
-0.16135179,1.5007745,0.58845925
-0.123162515,0.02309515,0.026122188
-0.027992964,0.0029000498,0.0029823778
0.028099503,0.0036100296,0.0035100018
0.01270581,1.3011613,0.29735902
-0.08257319,1.0015981,0.0017357203
-0.034917116,0.0020627957,0.0021360947
-0.06945133,0.0039139283,0.0041954173
-0.03495811,1.8970842,0.92899907
-0.120278366,1.2426653,0.27368045
-0.2598157,0.01725596,0.02237565
-0.23149164,1.782546,0.9863828
-0.027778594,1.8222344,0.84539515
-0.16670646,0.1559329,0.1842203
0.026351571,1.8525136,0.8303419
-0.048724614,0.0013149341,0.0013805903
-0.18531206,1.6337173,0.7627383
-0.07311827,1.8577428,0.9228091
-0.50996107,1.5547166,0.9237287
-0.08735418,1.8806468,0.961035
0.099506855,1.8735828,0.79084027
0.059033953,1.4381874,0.41306818
-0.15904333,1.3980594,0.4666804
-0.19159405,1.2399975,0.29067993
0.09418017,0.0040194904,0.003658214
-0.09727934,0.00042124186,0.0004642794
0.20513882,1.8675644,0.7066609
-0.09808932,0.00018371179,0.00020264536
-0.08947221,1.8593311,0.9397618
0.02448341,1.898953,0.8772107
-0.056019194,1.9227629,0.9759305
-0.043573935,1.8881689,0.9277255
-0.1245755,1.3015156,0.34151694
-0.19386558,0.32653219,0.39638823
-0.17525356,0.12222571,0.14563783
-0.027542746,1.3442664,0.35388032
-0.0448482,1.9303637,0.9730385
0.008759476,1.6329305,0.6274106
-0.2776809,0.0045228,0.0059703896
0.10963525,0.13853824,0.12415256
-0.083386995,1.2792325,0.30351517
-0.01859286,0.37955663,0.3866797
-0.06670421,0.0013134114,0.0014040095
0.031270713,1.55033,0.5333871
-0.2498063,0.012477245,0.016017998
0.024021149,1.8227737,0.8032453
0.026156232,0.30881774,0.30084497
-0.048176635,1.0781544,0.08201187
0.06803802,1.4412645,0.41224033
-0.1376882,0.03310454,0.037991352
-0.15407903,0.00045154366,0.0005267632
0.11339113,0.0018077891,0.0016139966
-0.33497664,1.6340742,0.88637716
0.007812664,1.3345861,0.33198237
-0.09986575,0.0014615823,0.0016150813
-0.09953098,1.8357308,0.9231922
-0.11462372,0.8582627,0.96249986
0.10345838,0.8335885,0.751658
-0.28209403,1.4461675,0.5915749
-0.08801924,1.5724415,0.62511134
-0.21196613,1.5704662,0.7051566
-0.114586875,0.00012513858,0.00014033167
-0.1040187,1.7503171,0.8325679
-0.061899412,0.00019960882,0.00021235492
0.112472475,1.9161644,0.81870455
-0.20533043,1.509677,0.6258482
-0.06660284,1.9011924,0.9632583
-0.40915,1.2924032,0.44022414
0.052150626,1.8182939,0.7767131
-0.09021613,1.5092087,0.5572834
-0.20421883,1.6530011,0.80094916
-0.20963494,0.0013357014,0.0016472241
-0.34453556,0.06528555,0.092139736
-0.010516189,1.1548145,0.15645108
-0.026260715,1.9707987,0.9966304
-0.0763918,0.019020572,0.020530527
-0.12402813,1.5681434,0.6431654
-0.08043118,1.8924897,0.96723944
-0.022244047,1.3431516,0.3508702
-0.3220335,1.1812245,0.2500772
-0.14185655,8.168751e-05,9.413761e-05
-0.023691803,0.0070653115,0.0072347
-0.0902561,1.5153342,0.5640099
-0.5844908,1.2537471,0.4552419
-0.18776873,0.13856643,0.16718794
-0.13226499,0.5299249,0.604862
-0.22900185,1.1700659,0.21383134
-0.1364321,0.011148112,0.012777709
-0.054038793,1.3108706,0.32813197
-0.20244955,0.00012316527,0.00015080336
0.0040521044,1.2131507,0.21228878
-0.24970815,1.5591826,0.71779513
-0.038890414,0.0010282429,0.0010690194
-0.30569145,0.29680723,0.40293458
-0.08514929,1.7215586,0.7856903
-0.22885798,0.0004148645,0.0005215525
-0.05470828,1.2000324,0.21128072
-0.25406748,0.13051425,0.16826662
-0.25589505,7.559638e-05,9.764158e-05
-0.26079133,1.153156,0.19878998
-0.103752755,0.029910624,0.033180635
-0.26536375,1.586867,0.7652189
0.0021430636,1.5058498,0.50476694
-0.07466893,1.2042437,0.22007807
-0.10129677,1.850506,0.94117415
0.041253407,1.952712,0.9142091
-0.061954413,1.5083055,0.5407933
-0.17793435,1.6309291,0.7538006
-0.17655852,1.586951,0.70029366
-0.08272318,1.0642611,0.06980303
-0.19360659,1.4702516,0.5707061
0.026119258,1.267164,0.2602762
0.012728094,1.7803453,0.770476
-0.03626389,1.5872917,0.6089801
-0.033478953,0.83410096,0.86249846
-0.50572574,0.005344902,0.008862855
0.008473802,0.005345607,0.0053005004
0.0010350049,1.9930503,0.99202305
-0.21158315,1.635155,0.7848182
0.06800977,2.0452747,0.9765492
-0.11156549,1.4678128,0.5230272
0.06850922,1.9691061,0.9049366
-0.121272705,0.07078771,0.07991457
-0.07004173,0.62515116,0.6705077
-0.11755823,1.084754,0.09532687
-0.20097284,1.4598404,0.562197
0.0012515974,1.8105341,0.80952024
0.06012989,1.3744966,0.3526418
-0.21556205,1.0700756,0.08693301
-0.17682618,1.0088271,0.010534516
-0.075682536,0.0039307876,0.0042398265
-0.1348268,0.00043646968,0.00049946905
-0.074095055,0.11275262,0.12142433
-0.15755205,0.017623411,0.0206307
0.08199239,0.012102029,0.011149345
-0.13602652,1.2575691,0.29509997
-0.4081195,0.6209355,0.93387884
-0.056544222,1.5388055,0.57014966
-0.1488172,1.5989227,0.6950263
-0.3895797,0.00054900255,0.00081052544
-0.112462,1.6803424,0.76132333
-0.10086164,1.2931719,0.32428434
-0.2511395,0.15842444,0.2036529
-0.007812902,1.2698548,0.27197137
-0.13662335,0.0056439172,0.0064701657
-0.047641627,0.0055063954,0.0057750787
-0.21400721,1.5862,0.7260857
0.0097046755,1.8164448,0.8085598
0.08270441,2.0583668,0.97435683
-0.19466816,1.7680883,0.9331565
-0.055375323,0.0035854096,0.003789553
-0.1125459,0.00027515148,0.00030792854
-0.06778799,8.83966e-05,9.459659e-05
-0.28414345,0.0159798,0.02123114
0.018442225,2.0070264,0.9886249
-0.07717419,1.5694218,0.6151065
-0.21305752,1.5182669,0.64133245
-0.15797743,1.6513445,0.76281554
-0.16160631,1.6190808,0.727666
-0.24554935,1.079298,0.10136846
-0.020122852,0.43797457,0.44687712
-0.12928775,0.18713695,0.21296513
-0.035373636,1.9412007,0.9750902
-0.23667672,0.003924221,0.004972111
-0.1768721,0.008129982,0.009702958
-0.2459328,0.14376713,0.18385138
-0.24954596,0.016212033,0.020807212
-0.07658981,0.27555108,0.29748473
-0.4615068,0.000103989296,0.00016497514
-0.06639289,0.0066006863,0.0070538
0.013821941,0.0045217103,0.004459642
-0.29209033,0.00048245437,0.00064611447
0.18570521,2.014454,0.8425227
-0.07137274,0.007916151,0.008501799
0.037598316,1.2538079,0.24444228
0.020467807,0.014982158,0.014678623
0.028571602,0.0012783823,0.0012423736
-0.0919626,1.5587494,0.61257035
-0.55509645,1.4040909,0.70397043
-0.044760913,1.0209627,0.021922283
-0.021592068,1.4737922,0.48413363
-0.048768654,1.7817533,0.8208234
0.12428005,0.00024516118,0.0002165098
-0.15901567,0.13020182,0.15264292
-0.13769247,1.2423389,0.27811363
-0.0725964,1.8303866,0.8929118
-0.014204713,1.3680605,0.37332603
-0.03319473,1.2828754,0.29242298
0.32656422,1.6299562,0.45444918
-0.06969931,1.330586,0.35444957
-0.021702893,0.0006296934,0.0006435089
0.07911434,1.4223876,0.3902584
-0.26102698,0.397916,0.5165995
-0.15820651,1.6641991,0.7780482
-0.32779196,1.5466728,0.7587274
0.048838325,1.6816605,0.6491692
-0.10079959,1.2121923,0.23469628
-0.36911944,0.0054405453,0.007869533
-0.16995567,1.6739264,0.7987728
-0.006761126,1.8577068,0.8635255
-0.19618769,0.0076480284,0.009305778
-0.38260138,0.1906818,0.27955735
0.0043898188,1.9980463,0.9936746
-0.06369185,0.021607984,0.023029009
-0.091069505,1.1826376,0.20005113
-0.22600487,1.4938896,0.6191309
-0.0201414,0.16523844,0.16860032
-0.099675134,0.6144232,0.6788221
-0.5130265,0.00085570686,0.0014293204
0.0049310224,0.00019564034,0.000194678
-0.096205935,1.1981893,0.21820357
-0.07755686,1.8770616,0.947791
0.0015377719,1.571626,0.57074755
-0.074208476,1.5121539,0.5516057
-0.19373067,1.5401917,0.655668
-0.13496496,1.7114589,0.8142624
-0.2237889,1.530449,0.66348934
0.11872928,1.9981991,0.8864489
-0.031661697,1.1371531,0.14156516
0.0130486805,1.9679351,0.9553869
-0.012358804,1.1322699,0.13391474
0.022724893,1.7131639,0.69714004
0.029108953,1.2876658,0.27941284
-0.24455841,1.3834069,0.4896325
0.022385607,0.00034981905,0.00034207513
-0.37133366,1.383942,0.55658793
-0.08263381,0.26409712,0.2868475
0.024609085,0.26291957,0.25652832
-0.17672804,0.0005819839,0.00069448515
-0.07273752,0.0010646197,0.0011449435
-0.10983664,1.7909536,0.88278
-0.13699637,0.008139783,0.009334898
-0.08076798,1.7433934,0.8059272
-0.14664882,1.3513348,0.4068272
-0.08524403,1.5765734,0.6278785
0.049535785,0.0006553256,0.0006236544
-0.43081397,0.010319184,0.01587616
-0.103698835,1.8306973,0.9214647
-0.045254093,1.1219019,0.12754515
-0.10942196,1.6505456,0.7257702
-0.16900581,1.7458535,0.8831853
0.024874516,1.3833075,0.37389046
-0.029476725,0.0072209747,0.007436994
0.135047,2.1045642,0.9650301
-0.10777083,1.4201531,0.46796343
0.04512628,1.9704888,0.9276676
-0.16394672,1.8465636,0.9973802
0.15169083,1.2076901,0.17845851
-0.063891515,1.2157112,0.2299432
-0.021445928,1.9117332,0.9314972
-0.50375104,1.2673954,0.44251722
-0.03477387,1.9278626,0.9606956
-0.23536834,1.4222172,0.5342631
-0.10889824,0.44126484,0.49203187
0.0050760843,1.8938636,0.8893378
-0.23342186,0.0071971463,0.009089378
0.06780091,1.5551045,0.51871544
-0.074256025,0.00016385902,0.00017648969
-0.24478295,1.7260264,0.9273855
-0.17656055,1.7214813,0.86080414
-0.30168438,1.1899601,0.2568516
-0.107629955,0.0020043233,0.0022320857
-0.12966692,1.5695794,0.6484371
-0.45795918,1.1706358,0.26974872
-0.41078696,0.031632204,0.047701493
0.14850938,0.00013496637,0.00011633992
-0.05970881,1.7195449,0.76381654
-0.2871149,1.3925836,0.52314806
0.011274796,1.8400699,0.83065146
-0.057721987,1.6143454,0.65085006
-1.8041581e-05,0.0013812758,0.0013813007
-0.15039712,1.3189315,0.37069273
-0.15652801,0.00014719913,0.00017214107
-0.27208376,1.5493851,0.72117615
-0.15309334,1.6012659,0.70073557
0.12016449,0.25022936,0.22189704
-0.18090516,0.003517886,0.004215488
-0.020489275,1.3089623,0.31535807
-0.19850615,6.575032e-05,8.018774e-05
-0.106569976,0.061941646,0.06890734
-0.16396253,1.5928973,0.6985339
-0.030609792,1.5614903,0.5789431
-0.0766495,1.721474,0.77894926
-0.16519317,1.3952569,0.46625328
-0.0083370395,0.120017074,0.121021844
-0.15481506,0.061351575,0.071624406
-0.0019993866,0.00075892726,0.0007604461
0.04753689,0.14155775,0.13498597
-0.12265311,1.1582294,0.178877
-0.091361456,1.7755158,0.8497055
-0.5422349,0.0007868072,0.0013531875
-0.08298336,1.9139645,0.9930442
-0.10175994,1.8810391,0.975414
-0.056110885,1.5982418,0.6327693
-0.010157295,0.00019429484,0.00019627842
-0.35714272,0.0014339546,0.002049465
-0.41984776,1.442053,0.67268515
0.023594724,1.2390916,0.23351634
0.05401647,1.9438547,0.89422345
-0.010900237,1.967266,0.977867
-0.08214718,1.8806404,0.9560369
0.0063187815,0.00027248447,0.00027076813
-0.25015104,1.6023136,0.7735028
-0.015163124,1.4854898,0.49290743
-0.13975714,1.48321,0.5556888
0.08423252,0.008892926,0.008174533
-0.24392574,8.5617954e-05,0.00010926988
-0.03905612,1.872587,0.90734106
0.096989855,1.2162571,0.19626744
0.008210316,1.8362254,0.8293878
-0.079037845,1.2137345,0.23131312
0.031698152,1.3111646,0.301456
-0.27871826,1.6209565,0.82055366
-0.044781577,0.0060795504,0.00635799
-0.13600281,0.18436085,0.21121947
-0.119752415,1.3553802,0.40059084
-0.15758817,1.2010992,0.23542352
-0.06289508,1.5544989,0.59049433
-0.15699796,1.3929412,0.45973858
-0.073133,0.0440252,0.047365554
-0.078438744,1.7587166,0.8206257
-0.024362024,0.01879781,0.019261386
-0.042256247,0.005049128,0.005267057
-0.0015915595,1.8072121,0.80849797
0.022205342,1.9070051,0.8870866
-0.06933319,0.27888379,0.2989058
-0.077789284,0.00030202768,0.00032646017
-0.17232789,1.4378922,0.5202453
-0.115956,0.00012248497,0.00013754406
-0.07275228,0.113913916,0.12251032
0.034370333,0.010960129,0.010589826
0.024466306,0.0071687824,0.006995517
-0.0004991032,0.00073644525,0.0007368128
-0.15205783,1.6697202,0.7797066
-0.4786062,0.00091528083,0.0014771016
-0.57973915,1.2994653,0.534717
-0.13148856,0.000669434,0.00076350616
0.120590106,1.724433,0.6421354
-0.12110546,1.8379178,0.94579464
-0.13893163,0.0048906077,0.005619531
-0.19809946,0.00025834897,0.000314949
0.034709547,1.5092062,0.49183515
-0.04654129,0.0015927879,0.0016686704
-0.048266035,1.1208977,0.12687607
-0.24203323,0.009106408,0.011600075
-0.072991155,1.0735303,0.0790981
-0.16089451,1.5450321,0.6401735
-0.023342239,0.0002500139,0.00025591842
-0.14228168,0.018224528,0.021011082
-0.22913648,0.008344439,0.010493246
-0.1861717,1.8121762,0.9783711
-0.0034215152,0.0016992643,0.0017050883
-0.006873058,1.5173568,0.5209248
-0.06682119,0.050625537,0.05412398
-0.093725,1.7964326,0.8746882
0.011587612,1.9825735,0.97125363
-0.027313843,1.2820967,0.28990808
-0.066163026,0.0014490867,0.0015482055
-0.09335357,0.07161224,0.07861949
-0.14893854,0.003895462,0.00452108
-0.017453505,0.3039325,0.30928373
-0.30277538,0.1507896,0.20411035
-0.04944852,1.4657644,0.48937467
-0.113880694,0.52249044,0.58551246
-0.20521976,0.392401,0.48178792
-0.19952303,0.00030169016,0.00036830944
-0.13351703,1.523923,0.59876055
-0.030877994,1.305162,0.31473166
-0.07033135,7.459231e-05,8.002738e-05
0.0018806085,0.36099952,0.36032125
-0.17722262,1.2451079,0.29263347
0.03178204,1.9546304,0.9247674
-0.05911797,0.027094588,0.028744658
-0.22755574,1.5052408,0.6343437
-0.2622662,0.06495723,0.08443612
-0.042597536,0.4621997,0.4823136
-0.028841075,1.1915187,0.19712268
-0.1174383,0.14935023,0.16796108
-0.1581817,0.015824707,0.01853673
-0.044456244,0.002502592,0.002616358
-0.023295924,0.06746137,0.06905139
0.039784186,1.9751644,0.9371299
0.006675549,0.0027933056,0.0027747208
-0.010643657,0.07953264,0.08038368
-0.43003312,0.011659363,0.017924037
-0.0018077306,1.8857987,0.88740146
-0.44852987,0.053582072,0.083909966
-0.2574398,0.17294301,0.2237215
-0.041948732,1.7396896,0.7713785
-0.022097144,1.9465929,0.9677427
-0.32961112,1.4422135,0.6148657
-0.0810882,0.00042280735,0.00045852043
-0.011382371,1.5313276,0.5374099
-0.1388886,0.028713988,0.03299226
-0.043154363,1.2354004,0.24578138
-0.29025808,1.2796087,0.3737732
-0.16359554,0.008223592,0.009685236
-0.06656332,1.7476661,0.7991269
-0.0091317,1.861505,0.869408
-0.090492085,0.004196038,0.0045934566
-0.23237981,0.00070934085,0.00089490355
-0.27442902,6.10375e-05,8.0311875e-05
-0.16387728,1.4872316,0.5739928
-0.101518944,0.013883614,0.01536709
0.040114082,9.430454e-05,9.059646e-05
-0.51036245,1.0442337,0.07368873
-0.11531544,1.0590049,0.06621686
0.06947124,1.9300426,0.86762464
-0.03553495,0.00016464334,0.0001705991
-0.37426534,1.5143473,0.74782145
-0.08095896,0.00014705374,0.00015945426
-0.0723873,1.6399429,0.6879844
-0.014167536,0.35346606,0.35850945
0.049670517,1.9124541,0.86823916
-0.008054666,1.820008,0.82663953
-0.0044981334,0.00017909799,0.00017990542
-0.044859428,1.6645031,0.69499105
-0.03587701,0.59492165,0.61665314
-0.34493327,1.5528384,0.78055024
-0.13817813,0.0028704498,0.0032957932
0.007319092,1.5187707,0.5149876
-0.17627461,1.5259681,0.62735665
-0.015278712,1.6515737,0.6616053
0.0135994535,0.0007592197,0.0007489646
-0.04177814,1.3994174,0.41645777
-0.13291124,1.5809634,0.6635465
-0.38175917,1.6488693,0.9505023
-0.002188839,1.7599664,0.76163155
-0.08068303,1.7615805,0.825574
-0.14725503,0.010293885,0.011927004
-0.008539107,1.6384077,0.64388245
-0.21135554,0.000501391,0.0006193941
-0.110058844,0.00010294826,0.00011492565
0.0032854266,1.6117238,0.60971737
-0.045864128,1.4383696,0.45894328
-0.108124435,0.019954054,0.022232534
-0.068679735,1.5023113,0.5380222
0.0019877404,0.00031480286,0.00031417774
-0.07675439,1.5754349,0.62134135
-0.26088125,0.0003169047,0.00041136562
-0.030196887,1.6909051,0.71208644
-0.070080854,1.80584,0.8643398
-0.4086141,5.7734815e-05,8.687536e-05
-0.23121384,1.5688353,0.7168055
-0.056090385,1.1909804,0.2019987
-0.11413185,1.4552202,0.51025635
-0.15294477,1.0768149,0.08950934
-0.15031862,1.808542,0.9396912
-0.004090797,1.1385901,0.13915822
-0.08143417,0.0025426685,0.002758393
-0.07289601,1.0436428,0.046942934
-0.04488735,1.2179718,0.22797894
-0.18297464,1.7251565,0.8707564
0.179091,2.0246444,0.85663337
-0.053782627,0.0034051468,0.003593299
-0.06220882,1.8305175,0.88382393
-0.43942022,0.011260465,0.01747407
0.00287484,1.7565051,0.7543335
-0.2855942,1.5500255,0.7318378
-0.13058534,0.0011916927,0.001357928
-0.20555331,0.10773464,0.13232017
-0.08347213,1.5249208,0.5706178
-0.21375912,0.000689636,0.00085399306
-0.0119445585,0.20122464,0.2036426
-0.17336906,1.0054039,0.0064268927
-0.16525038,1.3903127,0.46044734
-0.13473399,0.00012263679,0.00014032498
-0.14233206,1.7113371,0.82014287
-0.4077426,0.14074847,0.21160409
-0.15422581,0.23519705,0.27441716
-0.16419744,0.0008576237,0.001010664
-0.05942394,0.0007491218,0.0007949868
-0.059282944,1.0019914,0.002112967
-0.0855113,0.0005958677,0.0006490631
-0.017965894,1.6018717,0.6127826
-0.1018173,0.007954451,0.008807018
-0.047780544,0.86982584,0.9123955
0.0024524499,1.7075367,0.7058036
-0.023564344,1.9460387,0.9685962
-0.18850653,1.5310283,0.6411873
-0.3935807,0.17747095,0.26306143
-0.14537829,1.4792033,0.5541876
-0.16748105,0.026659643,0.031520307
-0.1848233,1.7802447,0.9386389
-0.46317515,0.3078665,0.48923424
-0.28559443,0.0019876794,0.002644712
-0.18300843,9.450234e-05,0.000113480724
-0.12085493,0.013491209,0.015224305
-0.23359002,0.010890729,0.013756368
-0.2450672,1.7075689,0.9040658
0.05529294,1.8474733,0.8018859
-0.026914045,0.36833894,0.37838703
-0.05733334,0.01777056,0.01881918
0.06462264,1.8310354,0.7790301
0.0452541,1.9362276,0.89480376
-0.14155644,1.4833621,0.55686474
-0.03851173,1.854346,0.8878901
-0.30590785,0.00066512945,0.0009031507
-0.072958976,1.764762,0.8226442
-0.1595799,0.0006768838,0.0007939969
-0.3040119,0.008240332,0.011167999
-0.15222836,0.22065867,0.25694072
-0.19390455,1.4691849,0.5695813
-0.009261832,1.5534662,0.55861616
-0.03808308,0.73788565,0.7665285
-0.12237179,1.6536108,0.73869413
-0.0041523464,0.00093757414,0.0009414754
0.054284103,1.8867614,0.83990747
-0.15662353,1.5440059,0.6362449
-0.017917266,1.1299386,0.13228771
-0.07765108,1.4899787,0.5295422
-0.07841768,0.0007758005,0.00083908584
-0.063878104,1.1252333,0.13349395
-0.09659181,1.4713335,0.5191317
-0.06687585,0.08565943,0.09158387
0.03516058,1.286158,0.27627128
-0.15533352,7.595311e-05,8.8716835e-05
-0.04814996,0.00012981094,0.00013621426
-0.024539964,1.7662909,0.7853283
-0.16530026,0.035480503,0.04185803
0.064146854,0.0061883284,0.0058038305
0.07199654,0.007044004,0.006554686
-0.19469379,1.2619061,0.3181999
-0.2868659,1.3494107,0.46550077
-0.015919864,1.259704,0.26387155
-0.10530503,1.8921123,0.9911809
-0.018942356,1.6233122,0.6352318
-0.15805039,1.3899559,0.45672613
0.007609236,1.6957262,0.6904523
-0.18423821,0.012973272,0.015597792
-0.19102257,1.7498599,0.90769553
-0.27649564,0.0036749276,0.0048453966
-0.043131843,0.29759726,0.31071404
-0.39167532,0.09030593,0.13360377
-0.37427044,0.0045846137,0.006665709
0.011354709,1.3252766,0.32160413
-0.029128423,0.00880725,0.009067564
-0.55009514,0.16104455,0.27915752
0.023220923,1.5994685,0.58570856
-0.10234729,0.39518312,0.43777126
0.0927016,1.8768948,0.79925936
-0.04569989,0.00024747266,0.00025904455
0.076758906,1.7246401,0.6710988
-0.037615996,0.0008834755,0.0009173413
-0.14901438,1.7810702,0.9065801
-0.21326959,0.0033167112,0.004105154
-0.1717535,1.4791238,0.56890446
0.028093532,0.5881135,0.5718212
-0.08887623,1.2506791,0.27397862
-0.22077805,1.7253256,0.90451485
-0.06708619,0.020913972,0.022365142
-0.06660174,1.5008323,0.53532445
-0.20720935,1.1655085,0.20361525
-0.126071,1.210726,0.23903966
-0.20285404,1.6435585,0.78829086
0.036009867,0.027071295,0.026113806
-0.13675117,1.455785,0.5225771
-0.075429365,0.00545888,0.0058865673
-0.03441304,0.00080635113,0.00083458313
-0.057625383,0.4700848,0.49796927
-0.043056358,0.48566332,0.5070309
-0.1473946,0.06380547,0.07393849
-0.23419057,0.17066027,0.21569501
-0.17390701,0.006936798,0.008254407
-0.20077346,1.3892245,0.47576767
-0.084230974,1.6559019,0.71354264
-0.094770394,1.7355676,0.8086876
-0.120904386,1.6381086,0.72011644
-0.21598032,1.096047,0.11920183
-0.34254912,8.089201e-05,0.00011393911
-0.1213791,1.8805082,0.9941403
-0.5385722,0.0005455471,0.00093482697
-0.101874,1.7604651,0.84202045
-0.0529189,1.2583795,0.27242085
-0.07213822,0.0245067,0.026339896
-0.1500888,0.18867572,0.21922937
-0.063083075,1.4967916,0.5291403
0.055074986,1.8536799,0.8079347
-0.024660619,1.4830039,0.49506313
-0.32245523,0.00027145425,0.00037474613
-0.41839024,1.4884325,0.74217975
-0.099982336,1.0641506,0.070896156
0.0019123759,1.1886064,0.18824601
0.07266665,0.133087,0.12375903
0.04597845,0.00050649064,0.00048373025
-0.20985653,0.14740501,0.18182424
-0.03544824,1.8261218,0.85593164
-0.05336152,1.816267,0.8610073
-0.2868169,0.00029056985,0.00038709142
-0.16361365,1.5350707,0.6301844
-0.010177365,1.8639739,0.8728118
-0.2751799,1.3413253,0.44944596
-0.17775658,0.0006871498,0.0008208241
-0.29369932,0.094040595,0.12614422
-0.15074694,1.2550652,0.2965649
-0.16392727,0.0013088865,0.0015420365
-0.5123851,6.883738e-05,0.00011490801
-0.022067918,1.3383796,0.34592995
-0.048114136,1.8549573,0.8970984
-0.11904821,1.2104442,0.23704948
-0.3356488,0.0023307933,0.0032604246
0.16293296,0.0063903355,0.005429537
-0.06519904,1.2931025,0.31284925
-0.06804635,1.1750352,0.1873603
-0.13140889,0.16832,0.19195785
-0.024944305,1.8320107,0.85302573
-0.26459664,1.0389489,0.05074668
-0.04043681,1.3709157,0.38622174
-0.27265647,1.4682815,0.6150639
-0.1783408,0.21444406,0.25631052
-0.096485004,1.5802417,0.6390161
-0.19643568,0.07685049,0.09353143
-0.07456413,0.0013069838,0.0014081631
-0.105192594,1.8079144,0.89753187
-0.17878018,0.15479566,0.18509813
-0.5276499,0.0012135205,0.00205685
-0.026340527,1.8160769,0.83785844
-0.03692995,1.643353,0.6675561
0.026799936,1.6333699,0.6166211
-0.23825029,1.7419522,0.94155717
-0.14923102,0.00033128067,0.00038459734
-0.26521027,1.3642492,0.4748735
0.018191826,1.8193303,0.80455995
-0.04825764,0.10551674,0.11073359
0.099732965,0.0011149663,0.0010091327
-0.18273993,0.0003088437,0.00037076755
-0.37011674,0.00012504178,0.00018104844
-0.20046371,0.50017667,0.6112006
-0.14798628,1.0796447,0.09234781
-0.22943032,0.0220878,0.027783873
0.027254626,1.8772166,0.8536312
-0.017106894,1.5365953,0.54585385
-0.16366635,1.0385352,0.045387663
-0.5078781,1.5662503,0.9409728
-0.015436305,1.9474761,0.96221524
-0.28823063,0.00018836264,0.000251288
-0.26975694,0.52765626,0.69104296
-0.07683649,1.231336,0.24981172
-0.0668824,1.7755927,0.8292402
0.021748587,0.00031392707,0.0003071733
-0.0390084,1.9599458,0.9981317
0.12337995,1.7775266,0.6872774
-0.17625013,0.001138325,0.0013577215
-0.1862433,1.8062253,0.97127193
0.04700095,0.00048368488,0.0004614772
-0.25447828,0.054477606,0.07026459
0.0020148866,0.013826652,0.013798822
-0.16899511,0.0012880018,0.0015251413
-0.12675261,1.2826604,0.32085803
0.13207173,1.8316828,0.72878546
-0.1396773,1.4936131,0.56760705
-0.18862675,1.3219008,0.38872424
-0.081682086,1.5100033,0.5534102
-0.13109337,0.0033027504,0.0037653807
-0.06700239,1.4702941,0.5028846
-0.015570823,1.8216717,0.834566
-0.196736,1.1077561,0.1311848
-0.26607418,0.006913644,0.0090211425
-0.12653586,0.006283141,0.007130675
-0.1558643,1.8327185,0.9731711
-0.13079655,1.805424,0.91797054
-0.08510968,0.015612243,0.01699918
-0.057952143,1.8381834,0.88819295
-0.18913956,1.3277473,0.39598754
-0.218573,1.6614861,0.823087
-0.02283214,7.958654e-05,8.142457e-05
0.0523876,1.9988532,0.94787264
-0.0941775,0.002204823,0.0024225598
0.035160024,0.0023766216,0.0022945115
-0.06604672,0.017936151,0.019160772
-0.14054757,1.6596391,0.75918126
-0.29061383,0.108588964,0.14521039
-0.31818238,1.4515834,0.6207588
-0.21540806,0.030767472,0.038162984
-0.069490544,0.009271337,0.009938519
-0.2689966,0.0017979199,0.002352849
-0.07483445,1.8860941,0.95494866
-0.24661325,7.14676e-05,9.145596e-05
-0.079059005,1.182303,0.19730075
-0.0040185824,1.5060067,0.5080443
-0.21324955,1.5998129,0.7423845
-0.54986477,0.1601053,0.27746546
-0.05294083,0.00047580217,0.00050167023
-0.038825147,0.0134371435,0.013969103
-0.03986339,0.0059576393,0.006199928
-0.17489265,0.00047802337,0.00056938245
0.03099204,1.060611,0.05876135
-0.030661624,1.940234,0.9695095
0.08520191,0.00010906486,0.00010015719
-0.0048986506,1.9004991,0.9049211
0.0032191165,1.7704915,0.7680151
-0.38827667,1.4236667,0.6246702
-0.4860433,1.1436703,0.23358937
-0.19586651,1.4837253,0.58838624
-0.16140357,0.0004929983,0.00057935144
0.008924243,1.5346613,0.52991104
-0.14035653,1.562008,0.6466936
-0.051859103,1.304903,0.3211322
-0.11119131,1.8539588,0.9543919
-0.051977802,1.9153134,0.9641475
-0.28622788,0.18264765,0.2431763
0.027314216,0.0019013564,0.0018501253
-0.07329617,0.11147127,0.119948566
-0.11718716,1.826741,0.92952955
-0.121468484,1.2485539,0.2806556
-0.025405724,1.351355,0.3603957
-0.3839337,1.6195586,0.90954185
-0.20325634,1.7407656,0.90772426
0.008966319,1.7144125,0.7080354
-0.19299516,1.4046786,0.49082533
0.051606648,1.2665529,0.25314593
-0.27314988,0.0034763422,0.004568252
0.029219536,1.9003589,0.8744315
0.008586063,1.6202201,0.6149176
0.016229376,0.037394453,0.03679246
-0.24002798,0.0006464133,0.00082177535
0.07069948,1.6719686,0.62610126
-0.044671312,0.0039622337,0.0041432446
-0.22840978,0.018762765,0.023577295
-0.036799427,1.4729855,0.49071535
-0.018591061,8.8914e-05,9.058246e-05
-0.24467629,0.0019812908,0.0025305199
-0.16402002,0.1348533,0.15888928
0.0013563279,1.548295,0.54755193
-0.053343944,0.028814856,0.03039369
-0.11712449,1.7372911,0.8289064
-0.5606035,0.07846916,0.13745673
-0.24128115,1.4940373,0.62884957
-0.033136934,1.7797704,0.80604243
0.09729445,0.0006074844,0.0005511638
-0.51058066,1.160213,0.2669562
-0.13921659,1.7235835,0.8316673
-0.032883763,0.006017852,0.0062190313
-0.27453524,6.3642525e-05,8.3748404e-05
-0.2871555,0.09582454,0.1276988
-0.25647047,1.4761224,0.6153219
0.046271257,1.6097735,0.5822013
-0.1631967,1.6594633,0.77636516
-0.0593681,0.8024719,0.85155565
-0.010990219,1.3809788,0.38518903
0.090656266,1.7277174,0.66464734
-0.46119717,0.1807796,0.2867113
0.030713435,1.6822861,0.6616493
-0.022694197,0.13714284,0.14029077
-0.21817233,1.4792602,0.5961045
0.010797776,0.023219459,0.02297009
0.013965532,1.9812346,0.9676263
-0.09226043,1.6101658,0.66913855
-0.09937364,0.0018678998,0.0020630558
-0.15845276,0.03183359,0.03729931
-0.16108738,1.6695083,0.7865301
0.0010831337,0.0014428382,0.0014412763
-0.23396334,0.049616724,0.0626956
-0.02218675,0.7349585,0.7514471
-0.23607104,0.09154444,0.11591945
-0.13128886,1.2431226,0.27723193
-0.18962316,1.7852665,0.94922537
0.014183565,1.8395351,0.8277116
0.11211371,1.7854801,0.70217425
0.008517973,1.6840763,0.678274
0.0024359338,1.825728,0.8237191
-0.1321007,0.0023058655,0.0026315073
-0.16240157,0.2391972,0.28137544
-0.00038655847,1.9888065,0.9891888
-0.1025416,0.09336133,0.10344281
0.039550215,0.04467792,0.04294539
0.10404882,1.9637775,0.8685383
-0.23239645,1.5650976,0.7129382
-0.2548233,1.6177157,0.7969976
0.01557162,1.2703972,0.26621926
-0.030585352,1.9676353,0.997688
-0.17248297,1.5459884,0.6487716
-0.0064240657,0.0015038721,0.0015135643
-0.1117212,0.00017183334,0.00019214422
-0.031376764,1.9005611,0.92926586
-0.0703446,0.007290659,0.007821986
0.09086239,1.2993143,0.27331686
-0.032292392,1.2353408,0.24306461
-0.031464636,1.0738838,0.07624548
-0.07953831,1.5521076,0.5978149
-0.11283729,0.0003941132,0.0004411899
-0.2474689,0.22348666,0.28623715
0.01716349,0.082545295,0.081140615
-0.22364816,0.01781364,0.022278288
-0.03657631,1.7430705,0.7707524
-0.28015518,0.00022230149,0.00029417936
-0.22666983,0.00064761867,0.000812383
0.003359436,1.5620158,0.56013083
-0.026090242,1.8530254,0.87557393
-0.28112188,0.04044665,0.053576242
-0.09032695,1.5114797,0.55983096
0.044040028,1.4739547,0.45353466
-0.43501413,0.0006365371,0.0009834402
-0.21126026,1.4727427,0.5839478
0.0075258072,0.040509436,0.040205717
-0.10600111,0.00020703113,0.00023018199
-0.023800062,1.8949144,0.9164688
-0.03597765,1.7677801,0.79590595
0.0038955547,0.0035322665,0.0035185332
-0.081600726,0.0035182259,0.0038173543
0.017033271,1.3203061,0.31489646
-0.16864426,1.5744946,0.68002874
-0.2807719,0.23884091,0.31626156
0.028352179,1.8461426,0.82248956
-0.15677583,0.00853132,0.009979369
-0.13542101,0.0037968217,0.004347432
-0.21634655,1.3978488,0.4939422
-0.015736941,1.5821489,0.5913826
-0.19680093,0.00026708614,0.00032517783
-0.04611034,1.171518,0.17961186
-0.40052727,0.031402726,0.046872072
-0.08703618,0.4417705,0.4819434
-0.14474002,1.8139921,0.94076246
-0.37034976,0.054296922,0.07863503
-0.11104971,1.329546,0.3682513
-0.015089873,1.3170992,0.32192045
-0.16691896,0.024201808,0.028598271
-0.14458415,0.21110068,0.24393927
0.04184448,0.0041793366,0.0040080626
-0.04045775,1.68683,0.7151875
0.034642126,1.9120445,0.8809904
-0.2596193,0.00016545953,0.00021450777
-0.017774181,0.010885746,0.011080962
-0.030798757,0.29958546,0.30895588
-0.055202074,0.003779492,0.003993994
-0.01995245,0.011431575,0.011661953
-0.13229318,0.01151162,0.013139857
-0.1891387,1.6047757,0.73069507
-0.076737314,1.2575932,0.27813834
-0.5330118,0.021001285,0.03578738
-0.2744824,0.00013389626,0.00017618731
-0.06272436,0.0014999566,0.0015970537
0.013597311,1.9382418,0.92557067
0.08764641,0.0045591905,0.0041766046
0.06554724,0.32077682,0.30042508
0.04218639,0.00222828,0.002136232
0.013953177,0.00031083683,0.00030652978
-0.09507112,1.7611308,0.83704376
-0.061320197,1.2428243,0.25818038
-0.08726315,1.1460055,0.1593188
-0.014590785,1.2455322,0.24914092
-0.09565668,1.6899029,0.75915617
-0.06324262,1.666553,0.71006906
0.05241413,1.8631787,0.8191012
-0.02747852,1.185713,0.19088697
-0.22971907,0.024453074,0.030767992
-0.16147445,0.0013117999,0.0015416829
-0.122196004,1.7386618,0.8346697
-0.22677454,0.0012906435,0.0016191729
-0.051191214,0.2898426,0.30506635
0.10898186,0.15917544,0.14274006
-0.08461656,0.46470642,0.50573987
-0.03857198,0.0013362789,0.0013888286
-0.07663715,1.6352816,0.68588185
-0.29499078,0.00020591757,0.0002765708
-0.20816351,1.6943489,0.85503125
-0.14075683,0.00024930033,0.00028698074
-0.30376905,0.23288152,0.31554422
-0.1909782,0.02259629,0.027351297
-0.04561056,0.19211371,0.20107903
-0.07234143,1.8969166,0.96420544
-0.37091213,1.0897286,0.13002177
-0.1910523,0.00016347539,0.00019789068
-0.03489933,0.004510251,0.004670434
-0.2159466,1.7334867,0.9102833
-0.0025941543,1.0771303,0.07733072
0.10342434,0.0003543142,0.00031950077
-0.19141725,0.022929903,0.0277673
0.017987117,1.6664999,0.6546187
0.059698265,1.3456383,0.32560802
-0.20495221,0.005154682,0.006327199
-0.18394929,0.014014278,0.01684453
-0.018296018,0.066300675,0.06752488
0.026806867,1.3317091,0.32293513
-0.039215803,1.5882757,0.6118037
-0.06275124,1.6541982,0.6965653
-0.308761,0.000600314,0.00081746967
-0.092648104,1.6042491,0.6629069
-0.23558119,1.2799447,0.35431033
-0.03522387,1.5015697,0.5195519
-0.08035658,0.011874744,0.012868344
-0.47801474,1.5333848,0.86028004
-0.11278377,1.8706169,0.97455966
-0.06087795,0.07631713,0.0811075
-0.077840164,1.8603688,0.9300156
-0.00930718,0.056099493,0.056624062
-0.31036618,0.008142259,0.011105427
0.010484662,1.5119524,0.5066127
-0.09100552,0.5936957,0.6502601
-0.42145506,0.0011856132,0.0018070854
0.0068449415,1.9702294,0.9636108
-0.04434949,0.113702804,0.118858956
-0.09977455,0.0075052325,0.008292695
-0.10692269,0.0022697898,0.0025259315
-0.116752386,1.597539,0.67153883
-0.011131998,1.8222277,0.83143187
-0.20145226,0.12604459,0.15417494
-0.18320724,1.1379845,0.16572812
-0.10228446,1.8363657,0.926441
-0.05350539,1.6116712,0.6452903
-0.06164001,1.8385448,0.89185894
-0.12564124,0.007146917,0.008103712
0.07663713,1.8725431,0.808172
-0.16498888,1.00365,0.0043046125
0.026043871,8.623351e-05,8.401664e-05
-0.2209651,0.102175586,0.12744156
-0.081063606,1.0977275,0.10597969
-0.18403316,0.22365607,0.26884705
0.018110659,1.8066344,0.79215723
0.049295686,1.3937542,0.37481448
-0.060890183,1.631813,0.67147976
0.0035538673,0.08616137,0.08585571
-0.028960712,1.5236207,0.5390069
0.005144191,0.15593827,0.15513815
-0.03816693,0.0027264277,0.0028324982
0.05466519,0.024526222,0.023221478
-0.09933259,1.1063012,0.11740255
-0.015082926,0.20914608,0.21232453
-0.12196173,0.0003598933,0.0004065754
-0.071199514,0.07386508,0.07931598
-0.055874396,1.7374797,0.7798589
-0.22104138,1.656451,0.81884044
-0.012628812,1.4794464,0.48553962
-0.014232818,1.6534314,0.6627981
-0.26638362,1.4779755,0.6238707
-0.02411557,0.00068681943,0.0007035838
-0.22951776,1.7470629,0.93979996
0.018375978,1.3322827,0.32623237
-0.09805136,0.076176584,0.08402426
-0.49319205,9.191778e-05,0.00015051858
0.008862367,1.7398345,0.73330677
-0.19073693,1.6299164,0.7622876
-0.09358901,1.7293007,0.8008513
0.070290744,1.6269194,0.58436584
-0.15281174,1.7848237,0.91440237
-0.27135935,0.0008463164,0.0011101525
-0.022719648,1.9539311,0.9758521
-0.033055447,0.40997592,0.42375433
-0.23037465,1.7874489,0.9914544
-0.10086068,1.1815554,0.20082252
0.0033332668,0.0066706487,0.0066484506
-0.10953452,1.8237026,0.91905314
-0.22508495,1.4601456,0.5762997
-0.11537797,0.4575971,0.5135601
-0.37701598,0.008530371,0.012436664
-0.12378156,0.00012732612,0.0001441037
-0.115043074,1.1092336,0.12255157
-0.022988508,0.112765744,0.11538809
-0.2161217,1.6261401,0.77719855
-0.008178599,1.9492127,0.9570077
-0.100425504,1.2073597,0.22926536
-0.00021525472,1.7100434,0.7101962
-0.16454268,0.013258389,0.015629703
-0.370856,0.00040504857,0.000586905
-0.013159448,1.9437917,0.95629364
-0.19241597,1.1631396,0.19775368
0.042753357,0.00011656615,0.000111687594
0.048122983,1.91438,0.87141925
-0.1632179,1.4584084,0.5396811
-0.2762283,0.015779989,0.020800373
-0.23895836,0.00048419018,0.00061488553
-0.18605769,0.3445497,0.41500726
-0.2884332,0.68769836,0.9176201
-0.15467484,1.7197526,0.8401516
0.020540547,1.4142196,0.4057982
-0.031234412,1.4268166,0.44035837
-0.025104817,1.879673,0.9020366
0.02368548,0.00014253518,0.00013919883
-0.15259233,1.8548851,0.99581295
-0.21002741,1.4284031,0.52852607
-0.102648176,1.5877578,0.6512953
-0.037780624,1.6771263,0.70319796
-0.28102815,1.2328582,0.30841857
-0.32101175,1.6229229,0.8587128
-0.048246413,0.0013677793,0.0014353875
-0.047168,0.012527075,0.013132109
-0.06705242,1.5620732,0.6010539
0.0039042085,0.017729333,0.017660249
-0.10384229,0.5403489,0.5994768
-0.27806333,0.08879782,0.11726372
-0.5583338,0.008306479,0.014517715
-0.16297247,0.035677318,0.04199235
0.08406476,0.19922264,0.18315966
-0.07763465,0.00042284757,0.00045698314
-0.24977872,0.38656792,0.4962532
0.051804245,0.5152816,0.48926747
-0.006423462,1.5715289,0.5752119
-0.019210715,1.6445873,0.65709
-0.043354414,1.2963513,0.309482
0.023994427,0.56813127,0.5546615
0.0036652386,1.4420443,0.44042704
-0.034661815,0.031310495,0.0324148
-0.026207095,0.025806922,0.026492188
-0.019286746,0.39438117,0.4020613
-0.40116066,0.001466647,0.0021905212
-0.074891806,0.0693079,0.07469781
0.08111969,1.9809384,0.90450704
0.015627794,0.00013230143,0.00013024993
-0.02512599,1.9448024,0.9688422
-0.14702187,0.0036076447,0.004179021
-0.07277616,0.0005495292,0.00059101306
-0.093394764,0.51325494,0.5635001
-0.059832852,0.07377417,0.078323014
0.014757864,0.0035049499,0.0034536042
-0.04649379,1.893543,0.9360682
-0.07238738,1.0411092,0.04419533
-0.12991306,1.4332093,0.49330813
0.06885838,1.4061948,0.37916616
-0.10811365,0.00033245995,0.00037041836
-0.38599625,0.00017001385,0.00025010383
-0.11450826,0.0016124526,0.0018080783
-0.061246186,1.3527995,0.37508255
-0.23855735,0.02366444,0.03004003
-0.2488239,0.00177224,0.0022729265
-0.42274868,0.00016867685,0.0002574263
-0.040782347,1.08001,0.083340466
-0.26733622,1.1583704,0.2069076
-0.35201424,9.4670264e-05,0.00013461437
0.09786315,1.1782525,0.16163458
-0.017697465,1.6866164,0.6988759
0.076466024,1.650811,0.60290104
0.018661477,1.6554793,0.64336056
-0.22609393,0.05303425,0.06648869
-0.17622311,1.5752908,0.6861517
-0.18626082,1.2625067,0.31625137
0.020686781,1.8097926,0.7932127
-0.044964246,1.5934026,0.6206935
-0.06941678,0.0049250824,0.005279111
-0.07464877,1.4922075,0.53035635
-0.09066908,0.00023260797,0.000254684
-0.12478307,1.7548516,0.8551733
-0.0031316048,0.0014079055,0.0014123215
-0.15434791,0.0005547447,0.0006473298
-0.15799373,0.016928973,0.019826517
-0.06213214,1.3320756,0.35336268
0.089305565,1.8997484,0.8228794
-0.08303286,1.9093363,0.98806435
-0.21700868,0.011573073,0.014377864
-0.01833959,0.04828017,0.04917378
0.0015715212,0.03352245,0.03346981
-0.06257518,0.00025827493,0.0002749529
-0.14771616,8.142258e-05,9.438374e-05
-0.19014862,1.1844903,0.22312805
-0.06339514,1.817498,0.8710014
-0.06526967,1.3665078,0.39122757
-0.059075985,1.1754038,0.18607813
-0.16870563,1.3467412,0.41046235
-0.16020186,1.7945535,0.9326054
-0.38458124,0.010654007,0.015650727
-0.20470499,1.8039341,0.9865582
-0.06968178,0.0006131268,0.0006573742
-0.0034438,0.0005315456,0.0005333793
0.032826077,0.47154748,0.45631975
0.03381461,1.7646005,0.7391781
-0.036446366,1.1737797,0.18023026
-0.31463793,1.1223527,0.16759425
0.033687335,1.3232973,0.31258765
-0.10908555,1.8518243,0.9500036
-0.2699992,0.015920758,0.020855611
-0.2516179,0.26009756,0.33451262
-0.033512484,1.805002,0.83243674
-0.12679891,0.47624412,0.54062694
-0.5034816,0.02008374,0.033227976
-0.35352498,1.1710951,0.24365284
0.05501646,0.0745362,0.07054624
0.02328863,1.3771365,0.3684549
-0.010691732,1.5921758,0.5985412
0.019831602,0.0035200699,0.003450949
-0.33268082,1.3166732,0.44166473
-0.39576408,1.4488039,0.6667067
-0.012606193,0.00029806248,0.00030184368
-0.07139578,1.2997065,0.32188663
-0.094107345,1.6768131,0.74359936
-0.10760642,1.78601,0.8753081
-0.26275882,0.44581318,0.5797858
-0.11993373,1.7664605,0.8641246
-0.07103791,0.005482547,0.0058861827
-0.14200674,0.0002962111,0.0003414083
-0.22978616,1.6955874,0.8752792
-0.16080482,1.6865648,0.8063399
-0.07604335,0.00011042375,0.00011914826
-0.21865727,0.0010011375,0.0012458203
-0.047626633,0.026081642,0.027353877
-0.019206202,1.0341489,0.034811188
-0.011784075,1.6937469,0.70197046
-0.11613922,0.000868466,0.00097541953
-0.46196032,0.0010866403,0.0017246964
-0.25738442,1.6589044,0.8523208
-0.323748,1.4466255,0.61736995
-0.16752526,1.6808803,0.80505604
-0.17711425,1.2811422,0.3356184
-0.16472128,0.0014356376,0.0016927093
0.06080673,0.008913391,0.008387546
-0.09750289,0.00014414176,0.00015890397
-0.045263052,0.00024874235,0.00026025987
-0.14414878,1.4527609,0.52296424
-0.08246925,1.6044236,0.6563831
-0.0069763213,0.2993148,0.30141023
-0.35819513,0.26803622,0.38349146
-0.06810084,1.911221,0.9754377
-0.07547728,0.062194843,0.06707084
-0.16036154,1.8392601,0.985237
-0.18712565,1.4284083,0.51656556
0.07258297,2.0232553,0.9516158
-0.028079404,0.04336357,0.044598453
-0.029428186,0.6659126,0.68580043
0.013026888,0.115575716,0.11407989
-0.03499767,1.8726021,0.9036818
0.04660426,1.0212144,0.02024832
-0.0050807633,1.5001733,0.502721
-0.017847702,1.9652431,0.98262507
-0.08346513,0.5277557,0.57369536
0.022935744,0.048968256,0.04785791
-0.006899476,0.78583467,0.79127526
0.027398553,1.7425711,0.7225019
-0.11632951,0.05953627,0.06688102
-0.13861115,1.3753084,0.43110824
0.016408946,1.996475,0.9802573
-0.21328682,1.7990762,0.98904824
-0.1974913,1.2361423,0.28770217
0.01920995,0.6201002,0.6083018
-0.23811932,0.0010029796,0.0012726412
-0.18373589,0.00054826133,0.0006588448
-0.3773725,0.082383186,0.12015155
-0.09049024,1.7770054,0.85059613
-0.21510227,1.3201998,0.39704415
-0.10605666,1.3642726,0.40502924
-0.49551505,1.2780211,0.456328
-0.25276244,1.1403204,0.18067344
-0.31668484,0.0014760215,0.0020259426
-0.03884411,1.1694151,0.17612533
0.034356993,1.3356771,0.32434013
-0.042762764,0.00060939655,0.00063602126
-0.036696885,7.656616e-05,7.9428086e-05
0.01850117,0.13323276,0.13079047
-0.19769152,0.018215993,0.022197763
-0.112792954,0.0052659498,0.0058947047
-0.14658861,1.0221765,0.025677709
0.034268685,1.2435287,0.23532468
-0.05238966,1.7264543,0.7655275
-0.100648046,1.8599074,0.9509607
-0.14766417,0.24070366,0.2790053
-0.3461388,0.015697753,0.022190323
-0.22467884,0.707675,0.88595283
-0.12592724,1.851354,0.9656054
-0.08596965,1.6301631,0.6867348
0.0068119913,0.0023769937,0.0023608564
-0.062160645,1.4430054,0.47141683
-0.09153119,1.5801308,0.6357369
-0.016652621,1.6125908,0.6228775
-0.023828171,0.0015718144,0.0016097177
-0.2378341,1.6038353,0.76596427
-0.18538187,0.012139351,0.014611869
-0.06023498,1.8270499,0.8783981
-0.03215933,0.00020437103,0.00021105028
-0.12488338,0.43921393,0.49763656
0.058420517,1.5262804,0.49641564
-0.17162752,0.00020073642,0.0002383214
-0.14931333,0.00010221247,0.000118672426
-0.04518095,1.7094268,0.74221444
0.07129857,1.9247754,0.8611359
-0.22925171,1.7864332,0.9890644
-0.042344477,1.5834017,0.6086361
-0.26833105,1.3746598,0.48997262
-0.019062575,0.12857047,0.13104486
0.027099388,0.0007516485,0.0007315528
0.0053627286,1.9061611,0.90131456
-0.27212334,0.0002367267,0.00031076273
-0.16977984,1.6122553,0.72554946
0.0100805275,0.37799606,0.3742048
-0.09484687,0.0071631176,0.00787578
-0.13777381,1.8534576,0.9795268
0.023162115,1.8528788,0.83335143
-0.038389146,0.010096267,0.010491389
-0.15231246,0.00035957323,0.00041873168
-0.18296231,1.4290768,0.5152222
-0.01093778,1.3292946,0.3329161
-0.252216,1.5927902,0.76284635
-0.32273945,0.001377191,0.0019017707
-0.17663579,1.554656,0.6618135
-0.023158759,1.48184,0.49312907
-0.23365903,1.7543547,0.95291114
-0.08406885,0.09381693,0.10204504
-0.024415536,0.0035154773,0.003602366
0.17128246,1.8450797,0.71205014
-0.31372043,0.14973539,0.20491396
-0.15022677,1.7127974,0.82834023
-0.16295668,0.26156393,0.30785698
0.056518003,0.016440649,0.015537227
-0.19107683,0.00059556373,0.00072096114
-0.011942804,1.7998304,0.8094399
-0.497402,0.026927348,0.044280503
-0.28833464,1.5254793,0.7010964
-0.08579662,0.88558495,0.96491975
-0.13038275,1.581068,0.66199005
-0.34294844,1.0122284,0.017230935
-0.058004573,1.2798269,0.29653803
0.0019600485,1.6702197,0.66890734
-0.025609754,8.296263e-05,8.511473e-05
-0.18523785,0.09101262,0.10953411
-0.045596797,0.0019931353,0.0020861197
-0.16218552,1.8102906,0.9529652
-0.20378071,0.0033235718,0.0040747966
0.061167568,1.9836276,0.92526454
-0.5431762,0.004049127,0.006970434
-0.010754768,0.00026302523,0.00026586928
-0.19725253,1.5009451,0.6101769
0.018398302,0.011502391,0.011292702
-0.1980039,1.8003509,0.97560155
0.08027666,1.6049222,0.55825907
-0.040825352,1.4018404,0.41858524
-0.0050959345,1.9945204,0.9996014
-0.16542107,1.261086,0.30805278
-0.09380621,1.5604228,0.6155386
0.051720265,1.9782995,0.92898774
-0.102601945,0.0017352571,0.001922752
-0.0018921979,1.853981,0.85559845
0.13417259,1.1869098,0.16344124
-0.24204914,0.0027570457,0.0035120812
-0.04412224,0.036021348,0.037646275
0.010229427,1.4894508,0.48446956
0.026676174,0.0015422027,0.0015016065
0.25228924,1.2463824,0.19144401
-0.24137847,0.11028125,0.14038834
-0.23674883,0.09186514,0.116404414
-0.14934514,1.6250362,0.7257132
-0.15711921,1.6009668,0.7032124
-0.10670929,1.0671521,0.07471414
-0.06376631,0.40289456,0.42942244
-0.17438774,0.00013204847,0.00015720597
-0.11193461,1.7099088,0.79399025
-0.054837283,0.0031819567,0.0033613194
-0.43910772,0.0018084641,0.0028055108
-0.039167657,1.175538,0.1825498
-0.10234946,0.005243643,0.005808753
-0.20012543,0.0012472335,0.0015235655
-0.005371725,1.9482507,0.9533581
0.0016477965,1.1128448,0.11265909
-0.10320059,1.2040179,0.2261974
-0.04881117,1.6086725,0.63911957
-0.23350942,0.00020766386,0.0002622846
-0.010299461,0.012776312,0.012908581
-0.29111537,1.1293384,0.17304426
-0.07286059,1.7617717,0.8193469
-0.20073768,1.7090205,0.8666386
-0.092539035,0.22991702,0.25220883
-0.16739556,1.817387,0.9663327
-0.18027113,0.002156643,0.0025826704
-0.17223401,0.058682796,0.069712564
-0.060079556,1.885135,0.9399435
0.00018717349,0.0132279415,0.013225465
-0.04226714,0.0007188238,0.0007498577
-0.32168746,1.5283532,0.7288386
0.0054735392,1.9090661,0.9041039
-0.21351314,1.3792576,0.46952838
-0.018891785,1.4673122,0.4762245
-0.25135186,0.00079101714,0.0010170601
-0.027801413,1.9150368,0.9408331
-0.063109964,1.3563054,0.37951654
-0.0984967,1.2033792,0.22443116
-0.114721715,1.1779475,0.199579
-0.07360725,0.005060066,0.0054465737
-0.0034996346,0.00076071906,0.00076338596
-0.07841823,0.00039397358,0.00042611195
-0.03643457,0.027188549,0.028197419
-0.10162209,1.567292,0.62797236
-0.125271,0.13214335,0.1497786
-0.06269454,1.6458962,0.6876867
-0.19136296,0.0037550651,0.004547004
-0.4853276,0.0027613018,0.004486307
-0.26310736,0.004508305,0.005865153
-0.049543023,0.40198812,0.42240542
-0.24046832,0.109307274,0.13902187
-0.12908658,1.4922457,0.5600715
-0.12045495,0.06188564,0.06980762
0.012606237,0.6044478,0.5968758
0.0018076263,1.8343418,0.8328349
-0.4808189,0.00023968062,0.00038765903
-0.3781135,0.0005560984,0.00081164157
-0.012500957,1.8948008,0.9060568
-0.07532943,1.3531951,0.38082877
-0.057758212,1.8989022,0.95234984
-0.32386094,0.104918115,0.14504458
-0.075049676,0.1348055,0.14531194
-0.16361782,0.37617078,0.44304043
-0.10036369,1.1704019,0.18839176
-0.10903141,0.0011641526,0.00129826
-0.14823864,1.6289248,0.72942054
-0.034954783,1.4984375,0.51616836
-0.13937251,1.4460909,0.5128048
-0.20138346,0.13927697,0.1703488
0.036384545,1.0545677,0.052618008
0.043363657,1.536623,0.51385045
-0.018880175,1.9250095,0.9426398
-0.045126963,0.010221713,0.010693555
-0.08460047,1.6106461,0.6645553
-0.19718446,0.0015069799,0.0018354544
-0.16158825,0.00023130678,0.00027187247
-0.068180226,0.015376529,0.01646147
-0.14470129,1.8463495,0.97812116
-0.100987986,0.001336994,0.0014790674
-0.21867035,1.1744127,0.21704285
-0.39490244,1.3074088,0.4562683
-0.472336,4.8089354e-05,7.712263e-05
0.019152004,1.9294078,0.9117772
-0.14190328,0.3696188,0.42597282
-0.024391316,0.28029388,0.28721467
-0.30942816,1.0214814,0.029271588
-0.059026543,1.1412642,0.14985351
-0.02103991,1.7167633,0.73200375
-0.16247827,1.0448251,0.052733306
-0.059528623,0.031119566,0.03302832
-0.021716254,1.112951,0.11543074
0.05572436,2.0355268,0.97940093
-0.34944475,0.0014581531,0.002068069
-0.3563597,0.007496351,0.010705697
-0.24913435,1.1618389,0.20762539
-0.016299035,0.37192154,0.37803316
-0.0482973,1.3157877,0.33141366
-0.0918557,0.00015385312,0.00016865482
-0.13709918,0.0008591789,0.0009854282
0.026733426,1.7410922,0.7215428
-0.069417305,0.0012203448,0.0013080674
-0.067963995,1.3283246,0.3514145
-0.0021756906,1.7900922,0.791813
-0.054283973,0.0010694321,0.0011290897
0.042061552,1.7461052,0.7153736
-0.0019003078,1.9891622,0.99104375
0.009307057,1.856173,0.84824145
0.045662243,1.8371812,0.79981333
0.030023351,1.9806488,0.95164406
0.0017995387,0.12524721,0.12502202
-0.09841619,7.436821e-05,8.2059516e-05
-0.16961533,1.5413785,0.64145166
-0.029258661,1.4003704,0.41225773
-0.03740369,1.8644614,0.8974078
-0.26552814,0.15499763,0.20213543
-0.19324668,0.0037074077,0.0044977604
0.033156455,0.01992462,0.019274822
-0.04626441,1.4208621,0.44079044
-0.32502624,1.5793521,0.8018622
-0.061506964,0.068872035,0.07324113
-0.11035954,0.2227682,0.24876069
-0.28302842,1.5184796,0.68809646
-0.28386167,1.5318882,0.70648015
-0.152828,0.00020736297,0.0002416037
-0.32135227,0.004074947,0.0056193164
-0.13371834,1.2951624,0.33739164
-0.26416987,1.5272846,0.68670875
-0.00788052,0.0029627131,0.0029861531
-0.07439937,0.051962495,0.055975918
-0.24333078,1.6146139,0.7839342
-0.15810034,1.1742374,0.20408146
-0.09629225,0.063082665,0.06945911
-0.0829443,1.4359937,0.4736989
-0.15219417,0.03929912,0.045759358
-0.061485328,1.4837924,0.51447207
-0.05212511,0.005352315,0.005638704
-0.25000095,1.6071889,0.7796468
0.0072159637,1.0464112,0.046077516
0.030671332,1.9761927,0.9467061
-0.13716277,1.6980329,0.800654
-0.149768,0.0015880889,0.0018446681
-0.4087793,0.28957105,0.4357985
-0.056041025,0.003408381,0.0036048437
0.04947279,1.8154423,0.77608174
-0.13002352,0.00017908895,0.00020395638
-0.12634306,6.994977e-05,7.937e-05
-0.040347517,0.00048816815,0.00050826726
-0.25666288,0.2628329,0.33974025
-0.073571645,0.0028633464,0.0030819504
-0.24923237,1.2348969,0.3013822
-0.028487492,1.5727314,0.5892817
-0.4021799,1.3656625,0.54669476
-0.55077016,0.0024279074,0.0042114197
-0.34610784,0.0033031297,0.004669156
-0.17783597,1.6452868,0.77087843
-0.050442934,1.4769937,0.5016718
-0.040510822,1.6487033,0.6755223
-0.15039986,1.475934,0.5531776
-0.13491823,0.0009384419,0.0010739934
0.14892854,1.570303,0.4913906
0.07095007,2.0308826,0.9602757
-0.077610105,0.0073361476,0.007928183
-0.26026368,1.4845304,0.6285679
-0.013773814,0.09490802,0.09622431
-0.05110036,0.0010911262,0.0011483324
0.09195576,1.1217115,0.11101864
-0.028575044,1.3306564,0.3402412
-0.19263229,1.8095207,0.98149276
-0.019861512,1.7016957,0.7157717
-0.11535005,0.000930208,0.001043941
-0.30137348,0.026375176,0.035651695
-0.22467923,0.0052254763,0.006541884
-0.110289775,0.008231926,0.009191781
-0.14954813,0.03490643,0.040537164
-0.04942215,0.28040463,0.29461098
-0.0747336,0.31227335,0.33650482
-0.06972627,1.7501917,0.8043665
-0.039485183,1.3094839,0.32194835
-0.15384814,0.0035471409,0.004137079
-0.07983117,1.7196474,0.7794531
-0.23772575,1.6256306,0.79352576
-0.13135616,0.00013722504,0.00015648785
-0.01623036,0.015463452,0.015716476
0.00040356442,0.7175577,0.7172682
0.028185649,0.6515296,0.6334222
-0.012258903,1.5812969,0.58846676
-0.32105765,0.008433611,0.01162645
-0.24158776,0.27272362,0.34725058
-0.03455824,0.004670129,0.004834342
-0.22054288,1.5259738,0.65575963
-0.054261044,0.048327073,0.0510218
-0.2558383,0.058768325,0.075901866
-0.09452243,1.813408,0.8940443
0.006528085,0.73959327,0.73478085
-0.12846214,1.1760921,0.20023055
0.0147292465,1.7919531,0.78037375
-0.0863675,1.1308254,0.14262673
-0.28597727,0.29681912,0.3950847
0.07318492,0.67104065,0.62368464
-0.051530045,1.939199,0.98886454
-0.033343732,1.5246661,0.54245526
0.038084745,1.9786971,0.9421244
-0.3431368,0.0074660634,0.010522381
-0.18700933,1.075235,0.09070622
-0.09382096,0.24810518,0.27250957
0.006757837,0.020444913,0.020307215
0.05996518,1.6593618,0.62098527
0.039559897,1.2444731,0.23499061
0.025184043,0.001032604,0.0010069236
0.026191693,1.5094635,0.4962931
0.026315693,1.9964595,0.9705791
-0.14901793,0.017673945,0.020514037
-0.029594399,1.3748704,0.38613027
-0.13246088,0.012347841,0.014096719
-0.03046429,0.1703895,0.17566018
-0.12226924,0.032137387,0.03631712
-0.068982095,8.2886305e-05,8.88058e-05
-0.08205941,1.5503786,0.5974471
-0.19823894,1.6714109,0.8186202
-0.087449834,0.08362668,0.09126911
-0.11358645,1.8332043,0.93342936
-0.1822176,0.00013610843,0.00016331315
-0.08063644,1.8168082,0.8854012
-0.0135748,0.00081361184,0.0008247317
-0.08086481,1.7246792,0.7857149
0.01846465,0.0013766763,0.0013514898
-0.079013824,0.11206867,0.121282876
-0.095503986,1.3446578,0.37919706
-0.43249467,1.0817478,0.12598124
0.03661478,0.03292883,0.031744953
-0.08778702,1.8079492,0.88208306
-0.06179401,1.3913484,0.4162941
-0.07889068,1.21452,0.232129
-0.3786285,1.3499086,0.51096475
-0.3347473,0.011055103,0.015450469
-0.23577334,1.337159,0.42680532
-0.06761441,0.014034113,0.015015837
-0.2652462,0.031027826,0.04045259
-0.07444038,1.7813258,0.8417076
-0.07089897,1.2777255,0.29813078
-0.53575766,0.053448673,0.091330014
-0.06951674,1.4738766,0.507991
-0.2272022,1.5528889,0.6939218
-0.019693013,1.5106033,0.5207583
-0.12556541,1.3006577,0.34088263
-0.019258354,1.0191839,0.0195569
-0.03572899,0.2212144,0.22926106
-0.31098056,6.838327e-05,9.332693e-05
-0.2244745,0.001612644,0.0020184896
0.09015803,1.4891275,0.44695827
-0.14349858,1.8083969,0.9331367
0.15694304,1.743206,0.6352574
-0.09662109,0.0029449149,0.0032436557
-0.07135888,1.2126466,0.22837533
-0.080928996,1.603781,0.6546761
0.064874165,1.7411764,0.69461954
-0.31134295,1.6878657,0.9391138
-0.018856721,1.5959804,0.6073253
-0.08640257,0.0063382946,0.006910295
-0.02728019,0.12986514,0.13345666
-0.13266991,0.00044268274,0.00050548743
-0.19996727,1.2198877,0.2685627
0.0016284399,1.6943235,0.6931939
-0.083426125,1.6467379,0.7030073
-0.07477993,0.008448548,0.009104552
0.08450643,1.8896252,0.8175351
-0.083870955,1.889767,0.9676115
-0.118686065,0.002794631,0.0031468
-0.27957076,0.6179092,0.81722325
-0.106900066,1.4022653,0.4476501
-0.27161676,0.008593638,0.011275575
-0.11818702,0.0026174348,0.002945804
-0.27686226,0.00040471763,0.0005338164
0.13541621,1.4304904,0.37596977
-0.1288663,0.035504326,0.04038752
-0.25856885,0.11872943,0.15376355
-0.05295594,1.608244,0.64132226
-0.22758314,1.4434037,0.55672073
-0.17818719,0.79751414,0.95306844
-0.1713321,1.4327576,0.51363343
0.060696818,1.5482743,0.5159856
0.0033495498,0.00070323073,0.0007008792
-0.010309165,0.026869198,0.02714763
-0.22901946,0.046852283,0.05891049
-0.07276261,0.00078119215,0.0008401528
-0.008310924,0.00020822402,0.00020996179
-0.0115695,0.02276552,0.023030436
-0.15600155,1.6251513,0.73069435
-0.12674846,1.1668527,0.18939981
-0.16588056,0.0007250246,0.00085584226
-0.04107147,1.2229339,0.23228073
-0.08844979,1.3143368,0.3434065
-0.43924287,0.0010237938,0.0015884489
-0.12408753,0.4321963,0.4892959
-0.044172194,1.5369493,0.5611991
0.11976517,1.4497962,0.39902717
-0.1283394,1.3144794,0.3575438
-0.066308856,1.7239106,0.77353954
-0.021783896,1.9004713,0.92030233
-0.16259213,1.5781764,0.6802573
0.02244071,0.9368549,0.9160653
0.16844472,1.8565025,0.72372574
-0.22580199,0.037706703,0.047258846
-0.022239782,0.59949464,0.6129767
0.056100395,1.1804569,0.17061193
-0.030818274,1.4675467,0.48217997
-0.0559414,0.0003773878,0.00039910106
-0.107873164,1.8714025,0.9706608
-0.2370083,0.030065687,0.038106807
-0.0026787315,1.5357748,0.53721195
-0.44480118,1.2273583,0.35471988
-0.11330683,0.0103162015,0.011553892
-0.009235745,1.5866156,0.59205854
-0.25830737,0.04647565,0.060173728
0.0065289754,0.000205452,0.00020411499
0.009072334,1.7339563,0.7273277
-0.17778832,1.4947805,0.59105116
-0.03179554,0.24608918,0.25403944
-0.073126405,1.623314,0.67060274
-0.029593762,0.03593344,0.037012734
0.034139007,0.0019454062,0.0018801129
-0.28823707,1.7023325,0.9369633
-0.29324415,0.0028292306,0.0037933479
-0.14576045,1.5984753,0.6923875
-0.15678592,0.38529652,0.45069873
-0.14514476,0.038507912,0.044523116
-0.2979872,0.38180426,0.5143455
-0.040152483,1.3739942,0.38931662
-0.114430785,1.5270097,0.5909018
-0.062176403,1.4068688,0.43296942
-0.12766819,0.03794769,0.043115254
-0.21371706,0.018392196,0.022774544
-0.08010873,1.7882422,0.8539854
-0.21494202,1.6777897,0.8403168
-0.09582065,1.343755,0.37832358
0.005824227,0.08460611,0.084114775
-0.0043512024,0.017547324,0.017623842
-0.27165103,0.3107062,0.40768662
-0.047455445,0.00063286576,0.00066362275
-0.23597348,1.4648952,0.5886227
-0.09491521,1.0399352,0.04391138
-0.16778508,1.2188411,0.2588194
-0.035607174,1.8679714,0.8994342
0.03858682,0.8607818,0.8281996
-0.2242046,7.924487e-05,9.916125e-05
-0.027248843,0.0001427348,0.00014667763
0.04472821,0.017091218,0.016343603
-0.024383448,1.490458,0.502564
-0.17016464,0.00012995754,0.00015406466
-0.0745117,1.785588,0.84635943
-0.079303786,1.671181,0.72657573
-0.10469049,1.6014197,0.6677965
-0.1399661,1.0306244,0.03522522
-0.036663815,1.314294,0.326031
0.027093014,1.022064,0.021474248
-0.1908849,0.00025263548,0.0003057698
-0.2305845,1.7209713,0.90794516
-0.13994521,1.8230683,0.946702
-0.18511097,0.51979584,0.62549734
-0.002089154,1.4174079,0.4182808
-0.08199691,1.4466966,0.484868
-0.26973227,0.00033505025,0.00043878643
0.04436516,7.977716e-05,7.631519e-05
-0.036187015,1.4182761,0.43368942
-0.0771552,0.07360136,0.0795049
-0.103976384,1.8694599,0.9647304
-0.033869326,0.008815215,0.009118894
-0.17177269,0.020014005,0.023764787
-0.062187307,0.00073363783,0.00078070926
-0.061368603,0.48238432,0.51291484
-0.19400139,1.5242093,0.63644135
0.027667273,1.497254,0.483685
-0.1153249,0.00051732257,0.0005805591
-0.21466768,1.0102924,0.012756883
0.06250022,1.2577435,0.24212757
0.07968698,0.0026598554,0.0024561246
-0.13124743,0.04191142,0.047789488
-0.21644941,1.5071446,0.62970126
-0.14755717,1.1155126,0.13387899
-0.56324685,0.00063594204,0.0011169469
0.035992123,0.012894134,0.012438301
-0.048217542,1.7474703,0.7843945
0.046398897,0.0147737395,0.014103915
-0.20572113,1.4086608,0.5020032
0.021965016,1.7345393,0.718581
-0.13798866,1.2502065,0.2872276
-0.03692388,1.8180172,0.84878623
-0.076052435,0.00052647304,0.00056807447
0.038495317,0.20426947,0.19655548
-0.31121987,1.5785694,0.7897988
-0.08350424,0.015999787,0.017393203
0.015577696,1.8870356,0.8733247
-0.022607658,1.4044561,0.4137041
-0.32177803,0.0061316798,0.008459133
-0.24099453,1.6295522,0.8011141
-0.047147103,1.3015226,0.31607893
-0.17919126,1.0747999,0.089479335
-0.0854243,0.058538955,0.0637594
-0.20024188,1.1888967,0.23077466
0.06262858,1.3746948,0.35194796
0.22816284,0.08029304,0.063912824
-0.2867172,0.00030088023,0.00040078675
-0.24431276,1.4222939,0.539161
-0.14598188,1.2545836,0.29459777
-0.13200259,1.5387799,0.6148077
-0.025681708,1.4606302,0.4726132
-0.19622625,0.005229892,0.006363744
-0.21015431,0.15945926,0.19675174
-0.17284545,1.7939634,0.9437703
0.024207314,0.012577488,0.012276677
-0.32469717,0.019821793,0.02742566
-0.25887313,0.0004452718,0.000576836
0.10235471,1.5653615,0.51035714
-0.016483301,1.2178706,0.22149156
-0.11064477,1.7167614,0.800621
-0.17885104,0.0023338224,0.0027908843
-0.27471104,0.0009779368,0.0012871118
0.021688826,2.0057936,0.98421395
0.06302881,0.083291456,0.078203715
-0.4843818,1.1958381,0.3178788
0.0063807704,0.7806169,0.7756518
-0.07550347,1.209405,0.22582798
-0.07085928,1.7577615,0.81340414
-0.031835534,0.00011508238,0.00011880503
-0.041737758,0.00015694127,0.00016363026
-0.14530712,1.4422278,0.5113899
-0.06578369,0.14207421,0.15173465
0.047685143,1.2291378,0.21846777
-0.24047846,0.0058348062,0.0074210423
-0.008445717,1.6545279,0.66007936
-0.09011789,1.7712834,0.84401786
-0.31629503,0.19718541,0.27054527
0.037474386,2.0169082,0.97950554
0.09096562,1.9507096,0.8680445
0.0018624794,1.8663495,0.8647373
-0.034129642,0.003852743,0.0039865053
-0.082639635,1.2855413,0.3101408
-0.102360405,1.7289953,0.8075683
0.0102494955,1.5226405,0.517311
-0.101191014,0.38822427,0.42956546
-0.025005996,1.2831358,0.2903051
-0.25404465,1.0137093,0.01767447
-0.027839191,8.855744e-05,9.1057445e-05
-0.13937786,1.4129043,0.4746575
0.09682546,0.007742577,0.007028049
-0.022535596,0.251213,0.25693855
-0.0051598884,1.9200957,0.9248556
-0.22467013,1.3939099,0.49313974
-0.13094737,0.0004930313,0.00056201016
-0.080575384,1.2815887,0.305217
-0.24810638,0.053054817,0.067994855
-0.29377416,0.0446492,0.05989605
-0.19190924,1.4399853,0.53306884
-0.24780343,1.7530438,0.9648058
-0.17116049,1.7584085,0.8999892
0.022466097,0.41710433,0.4078381
0.026913844,0.0016178958,0.0015749328
0.028454691,1.9922965,0.96445894
-0.08008221,1.6465576,0.7004649
-0.09523587,1.871344,0.95840716
-0.04434418,1.619452,0.6475393
-0.07148585,0.00031993014,0.0003436379
-0.0008974392,1.4870316,0.48746884
-0.49981898,1.4376439,0.7214222
0.042654414,1.3611094,0.34603038
0.1584487,2.0954916,0.9349657
-0.08223282,0.18895276,0.20514764
0.0015195422,1.7305803,0.72947115
-0.08785852,7.0447386e-05,7.6916825e-05
0.093563214,2.015756,0.92502904
-0.13321805,0.001036557,0.0011842654
-0.01799988,1.8812656,0.89727193
-0.053281166,0.07875313,0.083062984
-0.13770968,0.0013217262,0.001516869
-0.032981433,1.727442,0.7518341
-0.061336603,1.665741,0.7078536
-0.4954431,1.1784747,0.292917
-0.1860038,1.4308108,0.51888007
-0.24511023,1.013445,0.01717961
-0.030334786,1.565228,0.5826368
-0.17490293,1.4748299,0.56558436
-0.15132664,0.020219507,0.0235229
-0.10667547,1.460177,0.5119804
-0.16694266,0.06974863,0.08242101
-0.030149516,0.0007594662,0.0007827124
-0.082574956,1.760727,0.8262105
-0.2114936,1.5280552,0.65242386
-0.2225931,1.36918,0.46122098
0.029204868,1.5449696,0.5292839
-0.4349795,1.1402475,0.21667266
-0.11324695,1.4082482,0.45720053
-0.11196105,1.8458345,0.9460399
0.011214402,0.011067038,0.010943622
-0.17916116,0.044953648,0.05377416
-0.03218959,0.6903941,0.71297914
0.0475418,1.9768808,0.9315247
-0.0042443983,0.0147856865,0.014848577
-0.30931562,1.1977004,0.2693652
-0.22127019,1.5030386,0.6276215
0.042093113,1.6184472,0.59295505
0.013874919,1.5200758,0.5129096
-0.1325157,1.6676711,0.76227796
-0.064674996,1.5384638,0.5744398
-0.12805165,1.1020296,0.11596793
0.0149149075,0.01377853,0.01357455
-0.08583541,1.1486368,0.16195872
-0.1789124,1.822121,0.9831876
-0.009924673,0.00040397953,0.00040800887
-0.082591996,0.004353745,0.004728596
-0.49578574,1.207146,0.34008983
-0.13181196,1.5592046,0.6379929
0.0462199,1.4659485,0.4449025
-0.12395604,0.015887909,0.017984575
-0.21776074,0.00021731829,0.00027018954
-0.12019047,1.8652551,0.9757584
-0.010167915,0.00016084904,0.00016249287
-0.02039096,1.734164,0.7492881
-0.22301884,1.5246545,0.6557363
-0.22279683,0.43528974,0.54392356
-0.028705452,1.3511949,0.36142218
0.14806831,0.00018770302,0.00016186986
-0.16370998,0.0023777855,0.0028007284
0.014485169,1.0036429,0.0035905037
-0.036113407,0.00060064625,0.000622734
-0.085869834,0.00016965855,0.00018487089
-0.031590912,0.005079722,0.0052427566
-0.49918967,0.29521063,0.4863258
-0.21841182,7.249892e-05,9.0195856e-05
-0.05136267,1.3426766,0.36073726
0.0689486,0.074527286,0.069561884
-0.03384587,1.5534842,0.572538
-0.051096015,0.46449885,0.48884973
0.0023133373,0.0044344277,0.0044241813
-0.032289505,0.48219794,0.49802193
-0.12767807,1.7781918,0.8841715
0.017184816,0.012225961,0.012017654
-0.23534879,0.083193354,0.10526871
0.07459931,2.0413442,0.96648735
0.009684885,1.4411536,0.43690175
-0.02489455,1.1799625,0.18449883
-0.28255996,1.2075243,0.2752854
-0.18601328,1.2713212,0.32678962
-0.09903605,0.2071679,0.22873534
-0.21106394,0.034775183,0.04294705
-0.01779478,1.6365458,0.6479743
0.049209747,0.00041999112,0.00039982374
-0.13711442,0.0010759783,0.0012341033
-0.03722355,1.8010159,0.8313944
-0.022677615,1.9680846,0.99028915
-0.23261775,1.7830131,0.9880834
0.044340145,0.0015802211,0.0015116845
-0.030141532,0.23647127,0.24370737
-0.43598995,1.5740883,0.88782364
-0.012044866,1.6654981,0.67356247
-0.05754117,0.00032973516,0.000349265
0.037946492,0.0006558139,0.00063139433
-0.1221135,0.00012781544,0.00014441641
-0.1350196,0.0003630894,0.0004155773
0.008251075,1.7717642,0.7654224
-0.07691857,1.6589882,0.711677
-0.044400446,1.6574401,0.6872884
0.0016364139,1.4432415,0.44251668
-0.26924527,0.0010803625,0.0014141686
-0.12796906,1.6559074,0.7454505
-0.3781926,0.00013310599,0.00019428738
-0.10963251,1.8383977,0.9355412
-0.1884085,0.0012636776,0.0015256716
-0.039615855,1.0835443,0.086920306
-0.101042494,1.6241916,0.69055796
-0.053631756,1.3890915,0.4105289
0.031013716,1.822218,0.79710925
-0.03846527,0.010865878,0.01129198
-0.12945157,1.1759214,0.20023447
-0.07439454,1.9052935,0.9752108
-0.058013923,0.20894238,0.22142246
-0.37538707,1.4816225,0.7010279
-0.12647398,1.8247387,0.9359299
-0.2868506,1.1880177,0.25048196
-0.068337485,0.00095203274,0.0010193668
-0.25143296,1.4111108,0.5286336
-0.23236026,1.6521835,0.8227778
-0.5124156,0.00023503882,0.0003923547
-0.20216565,0.030800305,0.037701137
0.06545658,1.7341001,0.6875874
-0.022563253,1.7947292,0.81286466
-0.12446919,1.7254181,0.8215703
0.025147412,1.4493349,0.4381761
0.055266663,0.42973757,0.40663177
0.069464475,1.505017,0.47112706
-0.28410977,1.6003413,0.79760075
-0.062261336,1.8778262,0.93421817
-0.13467674,0.027749183,0.03174969
0.01634347,1.8129289,0.7997508
-0.16860959,0.380406,0.45027056
-0.17663845,0.026630992,0.03177609
-0.26522663,1.690481,0.9001983
-0.16280632,1.1393647,0.1640056
-0.0624771,0.018680321,0.019884642
0.064210504,0.0001565148,0.00014678076
-0.51132774,1.1569021,0.26163483
-0.3590271,0.014225877,0.02037054
0.0031254813,1.8608358,0.85814935
0.07478358,1.7969773,0.7395505
-0.019946642,0.0759016,0.077430785
-0.040947393,1.9395261,0.97879577
0.014517814,1.1104958,0.10890322
-0.055536352,1.491082,0.5191263
-0.052263375,1.8215432,0.8656217
0.012640148,0.0024890748,0.0024578106
-0.009532394,1.2808259,0.28351554
-0.54365444,0.06856619,0.11809082
-0.14844137,1.3125317,0.3625445
-0.47947037,0.0028495672,0.004602674
-0.15692881,1.407721,0.47699785
-0.1369353,0.51756096,0.59351504
-0.14128731,0.09031035,0.10401545
-0.036618,0.00023303244,0.00024172377
-0.251185,0.0043354644,0.005573447
-0.0782287,0.019016225,0.020563575
0.029913858,0.023883041,0.023179187
-0.077799,1.7375516,0.7972235
-0.22044773,8.619205e-05,0.000107449996
-0.013985544,1.5979161,0.60633713
-0.10721311,0.00090333924,0.0010055715
0.040801045,1.7716813,0.7408295
0.030827679,1.0962747,0.09335207
-0.06715074,1.487916,0.52180505
-0.46358886,1.4237099,0.67360085
-0.071081534,1.9281006,0.9964726
-0.059602417,1.5091316,0.5403996
-0.008533105,0.00022601729,0.00022795418
0.016549528,1.1712481,0.16843729
-0.15671116,0.024859196,0.029076751
0.021604337,1.4295617,0.42038083
-0.044404853,1.5038776,0.5267565
-0.28273007,0.0001013695,0.00013449168
-0.040992133,1.4247266,0.44249883
-0.062859915,1.4226127,0.45003074
-0.1480501,1.6867071,0.7962857
-0.23215626,7.369829e-05,9.2956885e-05
-0.005798757,1.2335582,0.23491652
-0.081035785,0.03171242,0.034389257
-0.2024026,0.032483503,0.03977088
-0.27612743,1.5629935,0.7420343
-0.24560168,0.059628043,0.07622791
-0.048805423,0.00013158483,0.00013816617
-0.15949874,1.6617038,0.7761274
-0.15505421,6.653682e-05,7.7696466e-05
-0.20824668,1.7462306,0.9189957
0.03130627,1.7085525,0.686714
0.08693548,1.7496262,0.68720955
-0.23949723,8.425012e-05,0.000107049054
0.053942233,1.9095635,0.8617994
-0.18106782,1.2162768,0.2592069
0.12906803,1.1903121,0.16726808
-0.11144371,1.712223,0.7961877
-0.08853101,1.2076303,0.22685026
0.04342083,1.666088,0.6377848
-0.1309779,0.117335044,0.1337552
0.057335872,1.9885168,0.93343353
0.021634001,0.50595045,0.49512225
-0.24847996,1.773983,0.99230427
0.04479367,1.9401422,0.898959
-0.110232644,0.00056194485,0.00062743266
-0.017077116,1.4972261,0.50579023
0.043479025,1.8355582,0.8000073
-0.054881647,1.859101,0.9075678
-0.037650082,0.108950816,0.11313102
0.03153571,0.3996313,0.3872253
-0.20832731,1.3427353,0.4221183
0.15404958,0.14928901,0.12797494
0.010156978,1.9754391,0.9655817
-0.21588993,1.6862115,0.85156494
0.03259041,1.9718564,0.9406938
-0.08985406,0.0023531571,0.0025743882
-0.3076814,1.3189172,0.43381268
-0.06654365,0.028958365,0.03095092
-0.09019607,0.31376627,0.34338227
-0.0039334744,0.90944463,0.91302896
-0.17028174,0.20609334,0.24435227
-0.11974488,1.2823195,0.31823316
-0.052110948,1.8731384,0.919845
-0.15329379,1.2266886,0.26424354
-0.04743773,0.028870037,0.030272568
-0.055910476,0.00024868193,0.0002629819
0.16081324,2.0860548,0.92472273
0.0071980227,1.6412115,0.6366126
-0.10502407,1.1804994,0.20048748
-0.046338677,1.7850091,0.82224137
-0.016833112,1.4430752,0.45059666
-0.2686801,0.07593562,0.09934175
0.07306476,1.7845643,0.72928435
-0.17442094,1.4040949,0.48109785
-0.24380204,0.00058204366,0.0007427411
-0.30172682,1.0161779,0.021875564
-0.15786365,1.0216407,0.025341364
-0.09896816,0.0057375594,0.006334444
-0.060006395,0.002719553,0.002887739
-0.15546925,1.7317874,0.8548786
-0.11558868,1.1192181,0.13382639
0.0061345343,1.6503286,0.64635134
-0.00013106689,1.9394679,0.939591
-0.12559703,0.04460786,0.050577514
-0.041466653,0.026376823,0.027493576
-0.04428079,1.3339237,0.34904233
-0.0939764,1.3372375,0.37046674
-0.12677382,1.6590443,0.74812084
0.025703657,1.8550895,0.83339065
-0.3484934,1.0953546,0.13511077
-0.2390249,0.00010447659,0.00013268633
-0.11821511,1.7771122,0.874629
0.15715122,1.6818038,0.5826524
0.07829593,1.1428323,0.13207568
-0.09262565,1.5670915,0.6221283
-0.16969492,1.4271095,0.5061006
-0.052745692,1.3610222,0.3805758
-0.12758239,1.7494733,0.8514605
-0.0880103,0.04849239,0.052953664
-0.41203603,1.5680687,0.8577208
-0.0065058507,1.7150713,0.7197386
-0.29214966,1.6456082,0.8646654
-0.046485066,0.010345813,0.010838092
0.0007735733,1.8943198,0.8936283
0.011927612,0.00061775354,0.000610429
0.040308222,1.5544553,0.5325507
-0.035470694,1.9156306,0.94869155
-0.06376639,1.8886086,0.9471175
-0.12544817,1.0161875,0.018351104
-0.006502062,0.29385012,0.29576698
-0.11824412,1.3952866,0.4449025
-0.05245917,0.0010549782,0.0011117989
-0.24040565,1.5525789,0.7027504
-0.19627872,1.091758,0.11165726
-0.053159874,1.7275294,0.76725125
-0.081377745,1.6831946,0.7411163
-0.1542858,1.7602764,0.88710904
-0.102070354,1.8999658,0.9966772
-0.08824218,1.6495749,0.70949984
-0.03491438,1.5880778,0.6089728
-0.053587515,1.9214771,0.9722038
0.03137526,1.7127187,0.69070417
-0.10481873,0.0007490143,0.00083178736
-0.13907814,1.125431,0.14414695
-0.085117355,1.1434808,0.15622836
-0.2101596,0.00093568966,0.0011545239
0.07487166,1.903188,0.8380343
-0.16311458,0.0017488557,0.0020587032
0.012653798,1.6595685,0.65127516
-0.4001634,1.6347456,0.94708395
-0.0089437105,1.8809285,0.8888426
-0.0763159,1.8750587,0.94445395
-0.076711595,1.0983696,0.10621272
-0.118457854,1.6721238,0.7566497
0.014100017,0.0025828325,0.0025466701
-0.018589798,0.00096178235,0.000979829
-0.16674809,1.3044342,0.35967574
-0.11474906,0.0012704481,0.0014249244
-0.050297465,1.5343871,0.5619528
-0.16930653,0.30492112,0.36117393
-0.43830645,0.00019506035,0.0003023591
0.020228505,2.0114448,0.9911903
-0.07242527,1.3349788,0.36013988
-0.021494184,1.6784939,0.69323534
0.06198029,0.0013625367,0.00128065
-0.1542387,1.103106,0.120300926
0.07791692,1.9601308,0.8881606
-0.0053471215,1.2038778,0.2049709
-0.3401312,1.5315835,0.7469449
0.027339181,1.8081126,0.7863188
-0.30641827,0.01427093,0.019387776
-0.039157383,0.106850125,0.111117095
0.057401385,0.0017646129,0.0016661739
0.06660201,1.7542627,0.7056636
-0.18479088,1.3922299,0.47183958
-0.11263943,1.78774,0.8816609
-0.37552887,1.0304145,0.044276193
0.14017424,1.3932602,0.3418244
-0.25318158,1.2716928,0.34997207
-0.10031297,0.00025110168,0.00027759714
0.084467575,2.0322065,0.94859946
-0.0779626,1.9055042,0.9789244
-0.041374322,1.80288,0.8367954
-0.05844466,1.6544964,0.69388807
-0.012546677,1.2505808,0.2537446
0.044234384,1.8262366,0.7904851
0.061848473,1.7754245,0.72891855
-0.18870446,1.0685475,0.08278363
-0.017794786,0.0002383882,0.00024266822
-0.08053172,0.017262248,0.018709917
-0.060674805,0.0024475115,0.0026006114
-0.51886666,0.01815347,0.03050005
0.12674159,0.098891474,0.087119564
-0.028628182,1.7990453,0.8222511
0.025335778,0.00019021734,0.00018545857
-0.038372315,1.7802725,0.81079525
-0.114857465,0.0006771113,0.00075952493
-0.027689397,1.0299134,0.030753223
-0.1360502,0.0023854177,0.002733067
-0.32109615,1.1558478,0.21485765
-0.17618203,1.0140644,0.016774021
-0.1068894,0.0045066834,0.005015088
-0.16880107,0.38769218,0.45898283
-0.26798657,1.1878206,0.24554342
-0.18265714,1.5363312,0.64381355
-0.036646906,1.9567881,0.9925018
-0.004072454,1.2644908,0.26557016
-0.22608173,1.6966975,0.87343425
-0.18427204,0.15113552,0.18171671
-0.13852581,0.0001503562,0.00017269602
-0.08862256,1.0079829,0.0087225875
-0.050154045,0.8222785,0.8645708
-0.02914546,1.8891022,0.9153969
-0.07712422,1.2925377,0.31599224
-0.12663937,0.019947352,0.022640398
-0.13283347,0.3727369,0.42568785
-0.0020790957,1.8237538,0.82546824
-0.17943463,1.7529148,0.9008932
-0.19277786,1.6591164,0.7992534
-0.2589875,0.40415275,0.5236274
-0.43268904,0.2848307,0.43903714
-0.07939316,1.3193386,0.34572554
-0.039268885,1.6994574,0.72747064
-0.0850771,1.7861422,0.8559525
-0.14100553,1.1207459,0.13903052
-0.23957114,1.5821468,0.73973626
-0.24472606,1.0467411,0.05970114
-0.015219778,1.3530434,0.3584578
0.03879795,1.6915733,0.6652555
-0.27413428,0.00031727916,0.00041734628
-0.31491116,1.4844776,0.663801
0.033259407,1.683216,0.6608663
-0.16489355,1.7850983,0.9258409
-0.029349247,1.1969576,0.20282383
-0.09613493,1.0488179,0.053743914
-0.20419188,1.6177377,0.75767595
-0.110038996,0.00037370587,0.00041717596
-0.03834551,1.8909352,0.9257619
-0.056246992,0.16386403,0.17334504
0.040663082,0.00093636103,0.00089904945
-0.06508894,1.6883494,0.73464364
-0.24539943,1.6448371,0.82418674
-0.22683647,0.15706101,0.19705261
-0.0095949955,1.126472,0.1276914
0.022624351,1.7121677,0.6962363
-0.03618277,0.000807334,0.0008370805
-0.22272459,1.0820233,0.10248606
-0.2558903,0.00024246641,0.00031317232
-0.3016122,0.00029746973,0.00040219002
-0.061071657,0.026112974,0.02775744
-0.026550682,1.4003634,0.41113573
-0.08140026,0.002359776,0.002559897
-0.05051352,1.5387149,0.56662637
-0.11521043,1.771867,0.8661192
-0.07104527,1.104124,0.111790545
-0.29808423,0.00111061,0.0014962973
-0.18663815,0.0012243182,0.0014755373
-0.042167984,1.8048586,0.83952355
-0.05758372,1.8853102,0.9377859
-0.04304213,0.0006591125,0.0006881015
-0.23219208,1.7791011,0.9827286
-0.51379097,1.2438626,0.40764475
-0.40584517,1.5060565,0.75937337
-0.09659462,1.8698351,0.95804834
-0.13142292,0.053173423,0.060641628
0.024219815,1.2746189,0.2680475
-0.11063656,1.5216411,0.58266735
-0.21747163,1.4654577,0.5785314
-0.2597518,1.6040885,0.7832662
-0.119469464,0.0030614757,0.0034499734
0.049482763,0.002338918,0.0022259986
-0.00259668,0.012976042,0.013009781
0.039481517,1.9316553,0.89558876
-0.02774477,1.2294989,0.2359554
-0.30604517,0.0075820736,0.010296786
-0.080889076,0.10497546,0.11381971
-0.03364217,1.1372112,0.14190584
0.012779441,0.004283011,0.004228625
0.08020772,1.2302924,0.21254253
0.01882464,0.03641661,0.035737492
-0.20949158,1.6449134,0.79521114
-0.007729115,1.2980475,0.30036005
-0.092048235,1.2909381,0.3189897
-0.086247906,0.111720845,0.12178427
-0.0037524048,0.01506088,0.015117501
-0.12794048,0.20593284,0.23403965
-0.14743999,0.008536869,0.009893068
-0.35905245,1.0326664,0.046777345
-0.26910046,0.0061691026,0.00807404
-0.09511097,1.1482869,0.1630831
-0.038696736,1.0741268,0.077051565
-0.061565727,1.8583306,0.91283494
0.02165077,1.9552431,0.9347836
-0.1554405,0.012211158,0.014264738
-0.15398759,1.3280354,0.38264543
-0.061247416,1.935915,0.9950291
-0.018653702,1.9650764,0.98324764
-0.3457929,1.2768917,0.3912785
-0.094635256,1.4857318,0.5339445
-0.28215364,0.0063305907,0.0083942525
-0.07312141,1.2763662,0.29733175
0.0019785203,1.9955039,0.99353623
0.029721435,1.422709,0.41033036
-0.23066244,1.6709158,0.8449742
0.015137348,1.8050997,0.79300445
0.00716307,0.00018841076,0.00018706598
-0.28580356,0.0024465893,0.003255997
-0.12520394,0.0018016472,0.0020419501
-0.3833339,0.00010152192,0.00014894968
-0.13301438,1.7000909,0.79969037
-0.24495047,1.42201,0.5391423
-0.07761362,1.6544201,0.7072352
-0.19055115,1.2007589,0.24290156
-0.1170333,1.0536253,0.060283333
-0.30518898,0.004992656,0.0067744413
-0.1768725,0.00026797055,0.0003198172
-0.26823235,0.0002187563,0.0002860569
0.0076241437,1.3940113,0.39101872
-0.081859075,1.8937166,0.96995306
-0.4971172,0.0009979152,0.0016405479
-0.027843755,1.8286664,0.8520638
-0.1309296,1.791154,0.9018266
-0.0039739646,0.043913726,0.044088583
-0.11404629,0.0042225304,0.0047326293
0.0039137565,1.0563266,0.05610663
-0.015887568,0.088584036,0.09000266
-0.054227043,1.723403,0.7637142
-0.35932022,1.2742522,0.3928267
-0.21200982,0.025955275,0.03208487
0.12129864,1.9160595,0.81141746
-0.20813379,0.09657293,0.11891777
0.017692216,0.12648456,0.12426646
-0.23832512,0.04391858,0.05573802
-0.44653323,0.11688995,0.18268551
0.044098727,0.21729137,0.2079173
-0.05282653,1.4503728,0.4748041
-0.1905582,0.080277115,0.09712927
0.12639652,0.012834424,0.011310534
-0.07894894,1.5430404,0.58765066
-0.08827819,0.004798281,0.005241124
-0.04759136,0.00075924664,0.00079625385
-0.06551825,1.9320439,0.9951547
0.10792369,2.0428712,0.9361814
-0.023590067,1.8171048,0.8366096
-0.041691404,1.3725054,0.388364
-0.15874638,0.026081584,0.030568678
0.036180228,0.0050062845,0.0048283935
0.038725246,0.42595235,0.40977255
-0.23568296,0.022909364,0.02899805
-0.11518872,1.5255995,0.58976746
-0.15709451,1.6567713,0.7684922
-0.25315937,1.2197956,0.2831161
-0.0001277253,0.0470098,0.047015805
0.045556996,0.0025693197,0.0024548953
-0.17942455,0.00022783436,0.00027261034
-0.03665584,0.010145846,0.01052465
-0.113688976,0.004954189,0.005550691
-0.072123066,1.7842274,0.84287775
-0.16936223,1.32872,0.38938498
-0.27113777,1.1005219,0.13183008
-0.079791084,0.00062108546,0.00067267334
-0.038497116,0.019009039,0.0197551
-0.22272946,1.0462502,0.057788804
-0.04178164,0.00026170912,0.0002728754
-0.118737325,0.00026533002,0.00029878123
-0.0019893274,1.8885653,0.8903347
-0.10722108,0.07039421,0.07836145
0.2126179,1.1124352,0.09089994
-0.4051741,0.0072636087,0.010892243
-0.23599844,0.39056963,0.49452844
-0.05362396,0.005456128,0.005756694
-0.1429338,1.8588281,0.9907899
-0.40157455,1.6620917,0.9892811
0.043707684,0.07975818,0.07634722
0.06529641,1.5351865,0.5013573
-0.21770705,0.5463897,0.67928416
-0.15121375,0.011427896,0.013293446
-0.21107619,1.1845518,0.22792265
-0.03376237,1.958884,0.991811
-0.13436697,0.0020454037,0.0023395582
-0.28329203,0.00065570703,0.0008704463
-0.21100514,1.44741,0.552515
-0.016188057,0.036180887,0.036771353
-0.4032765,0.005431813,0.008129907
0.06267697,0.0060473876,0.0056799892
0.03819559,1.9834651,0.94660944
-0.38741723,1.069781,0.10279922
0.11560303,1.4530036,0.4035487
0.0034668818,1.8445089,0.84158605
-0.12907311,0.0040120455,0.0045647984
-0.06605284,1.246777,0.26362777
-0.051105294,1.757204,0.7969071
-0.032370064,1.0719066,0.07427226
-0.03560202,0.00024757307,0.00025654596
-0.2436938,0.0008641421,0.0011026051
-0.448111,1.3645997,0.57072705
-0.3611449,0.0027191064,0.0039018397
-0.20338027,0.11796307,0.14456828
-0.06789697,1.26736,0.2861434
0.018199943,0.029757945,0.02922125
-0.015273698,1.2297995,0.23333634
-0.09580388,1.57358,0.63124955
0.0264231,1.3750335,0.36525372
-0.017396575,1.4325783,0.44016954
-0.22129339,1.177491,0.22145362
-0.18727441,0.028919805,0.034876075
0.10740107,1.2337205,0.20991969
-0.07538511,0.00084037107,0.00090617157
-0.19849479,0.033553705,0.04092095
-0.03695806,0.0006379483,0.0006619667
0.1914082,1.1207114,0.099683
0.010928564,0.022826586,0.022578483
-0.43960515,1.6110966,0.9484795
-0.14102809,1.5563936,0.6406634
-0.054592893,0.0009279968,0.0009800673
-0.0555782,1.8996599,0.95107687
-0.17265026,0.000104608276,0.00012432174
0.028626172,1.8048117,0.78209966
-0.5285509,0.031468764,0.053385884
0.12319378,1.1761755,0.1557554
0.017691279,2.0070834,0.9894235
-0.01986698,1.869491,0.88693786
-0.033736583,0.0002613564,0.0002703241
-0.09584334,1.8448775,0.9298609
-0.10763732,1.4952517,0.551534
-0.20225795,0.0005365778,0.0006568591
-0.10901868,1.21833,0.24347791
-0.15068904,0.0002379837,0.0002766882
-0.07803755,1.4691719,0.5072514
-0.112899974,0.00041351985,0.00046294372
-0.5682153,0.00015989572,0.0002822342
-0.16167448,0.011452418,0.01346206
-0.123893484,1.2488517,0.28167397
-0.18044573,0.0033870991,0.0040569017
-0.20866655,1.600358,0.7396616
-0.1751974,1.1737168,0.20698024
0.02845007,0.000119907105,0.00011654381
-0.26922065,1.7135098,0.9339444
-0.2157233,0.008021354,0.009952567
-0.1922389,1.3147236,0.38143244
-0.04590085,1.9145055,0.9574603
-0.5282817,0.36073202,0.6118071
-0.08744012,1.7199669,0.7857552
0.032136798,0.1383857,0.13400912
-0.2146669,1.5271711,0.6534018
-0.23924184,0.00015456823,0.00019634582
-0.28165147,0.00045441018,0.0006022374
0.0038121864,0.00058577175,0.0005835429
-0.100019805,1.7513773,0.8304168
-0.10153435,1.3685354,0.40792006
-0.035576873,1.1029307,0.10665849
-0.0363997,0.00012342924,0.0001280048
-0.2377255,0.027092397,0.03436294
-0.098913975,1.5621586,0.62060684
-0.2925163,1.3181132,0.42620635
-0.16035888,1.5434538,0.6379779
-0.026303615,0.29819727,0.306145
-0.024949476,1.6434321,0.6596873
-0.46201068,0.000605256,0.00096070004
0.023581162,1.2685828,0.26232338
-0.296895,0.00010337288,0.0001391062
-0.0152673535,1.6433342,0.6532316
-0.12209381,1.4296534,0.48544824
-0.24781375,1.7250111,0.92889965
-0.056783088,0.0011562546,0.0012238101
-0.026661165,1.7469901,0.7671736
0.02399851,1.2921884,0.28525972
-0.15758206,0.1712953,0.20053142
-0.1720209,1.4258751,0.50581294
-0.097656615,0.07999471,0.08820089
-0.03561899,1.8912451,0.9235626
-0.24726295,1.5172021,0.66228545
0.084956706,2.0745683,0.987047
0.027906358,0.24539465,0.23864123
-0.026696725,0.36436468,0.37422302
0.026989669,1.7549826,0.73487836
-0.11143496,0.00018858851,0.00021081953
0.18810593,1.8944662,0.7410893
-0.120631374,0.0011067648,0.001248662
-0.14634387,1.7164288,0.82933366
-0.16104528,0.3148675,0.36988688
-0.19265573,1.5457048,0.6616482
0.05332538,1.968745,0.9184394
0.0023062713,1.5033467,0.5021871
-0.5855535,0.027290499,0.049013324
-0.030328583,0.7254123,0.7477501
0.015609046,1.6077366,0.59832406
0.021668784,1.8721963,0.8535001
-0.008872967,1.3181472,0.32098266
-0.47043827,1.0586989,0.09395906
-0.20439552,0.00015671331,0.00019225327
-0.11003938,0.00046844204,0.00052293215
-0.14523311,8.946041e-05,0.00010344388
-0.23871872,0.00010775429,0.00013680715
0.08270032,1.6129535,0.56430155
-0.24582455,1.3327863,0.42552567
-0.24264462,0.0029398294,0.0037471524
-0.23840912,0.20487367,0.26003146
0.00784016,0.72110885,0.7154773
-0.24102664,0.182982,0.23285465
-0.22142279,7.813751e-05,9.750396e-05
0.004941389,1.428533,0.4264206
-0.09262974,1.7604339,0.8342382
0.036150277,1.8040903,0.7755412
-0.06658547,0.028904028,0.030894138
-0.24550945,0.01783948,0.022803714
-0.010000251,1.5839579,0.5898269
-0.019170921,0.08634981,0.08802119
-0.07859585,1.3378015,0.36542252
-0.04387794,0.00026334246,0.00027515463
-0.22587737,1.4895616,0.61362714
-0.17552811,0.27788454,0.33120376
-0.11391947,1.7136853,0.79979986
-0.019432332,0.016815227,0.017145181
-0.10378083,0.00533215,0.0059152595
-0.33999944,0.0018269179,0.0025667222
-0.2972985,0.55450636,0.7464859
-0.022283139,1.1595844,0.16318034
-0.015314929,1.5356026,0.5438684
-0.16340688,1.4143791,0.48793787
-0.043869182,0.12956248,0.13537279
-0.065266214,1.6928945,0.73962545
0.033448745,1.086603,0.08375419
-0.37694445,7.2768475e-05,0.00010608358
-0.18091975,0.42726865,0.51200414
-0.11676377,1.037358,0.041984983
-0.31271335,1.343978,0.47026253
-0.037563264,0.00051550457,0.0005352369
-0.02979842,1.6590238,0.67895716
-0.13063186,1.5384629,0.6136043
-0.15050925,1.1348855,0.15679447
-0.43359265,0.0047210916,0.0072836545
0.0065402277,0.0020150642,0.0020019282
0.0134694725,0.0023205942,0.0022895467
-0.06763344,1.2285757,0.24456978
-0.005842317,1.5459502,0.5491491
-0.029013386,1.4534905,0.46684054
0.0059140436,1.4190831,0.416612
0.08928213,2.057784,0.967436
-0.10381895,1.9013885,1.0
-0.57562506,0.0018642793,0.003315139
-0.28467068,0.016009586,0.02128193
-0.14791064,1.4009817,0.46490186
-0.18036702,1.3386701,0.40561065
-0.0021095686,1.951014,0.9530224
-0.05483938,1.2567029,0.27117342
0.13423003,0.36217365,0.3166806
-0.014475675,1.3921183,0.3978358
0.033079263,1.6425326,0.62162584
-0.042883217,1.9269773,0.9675937
-0.05079698,1.6681294,0.7029453
-0.053347956,0.20527853,0.21652709
-0.13222806,1.4000812,0.45664006
0.058090325,1.4993383,0.47115797
-0.08179635,0.00031806593,0.0003451762
-0.26135543,0.7099699,0.92203015
0.0015530735,1.4644599,0.46373913
-0.019049924,0.11550989,0.11773144
-0.124262005,1.190193,0.21535794
-0.18905821,1.5976342,0.7220086
-0.21089035,1.5050888,0.6236719
0.024280384,1.2628517,0.2565464
-0.08229924,0.18014893,0.19560222
-0.15077327,0.0042362246,0.004925598
0.025432516,1.9155779,0.8925861
-0.01435164,9.3290204e-05,9.463872e-05
-0.04743262,1.5725424,0.600354
0.052143984,0.7440345,0.7062317
-0.28594,1.1478921,0.19684629
-0.015933694,1.8797132,0.8938426
-0.15999676,1.7352276,0.8627949
-0.08104022,0.0002877292,0.0003120177
-0.24537253,1.757968,0.9687569
-0.19111519,6.315824e-05,7.645929e-05
0.11470759,2.102899,0.9833745
0.0045174733,1.2274375,0.22641239
-0.20468248,1.151389,0.18577479
-0.0061056186,0.47639605,0.47931367
-0.23160593,0.0967108,0.12191585
-0.007850284,1.260928,0.26298442
-0.28056782,1.4093636,0.5419489
-0.08577323,9.7023956e-05,0.00010571334
-0.08488659,0.08237818,0.08967636
0.009608932,1.8247333,0.8168465
-0.037270833,1.7854302,0.8152561
-0.0069393218,0.00017278048,0.00017398362
-0.020901352,0.00031680745,0.00032349885
-0.22445603,1.5398498,0.6756986
0.05129697,1.6401036,0.6080961
-0.21203616,0.00010983446,0.00013577654
0.014845381,0.33545318,0.33051005
-0.29389885,1.5667162,0.7603339
-0.18979304,1.7782397,0.9408914
-0.22978634,1.5383214,0.6773865
-0.14820679,1.3942541,0.45723727
-0.5325585,0.0003839475,0.0006539719
-0.18951628,0.26329222,0.31823203
-0.22395626,1.1927615,0.24114786
-0.08533991,0.006655493,0.007248412
-0.066346444,1.9151328,0.977908
-0.08558103,7.6348006e-05,8.316969e-05
-0.4008432,0.02232723,0.03333641
-0.3813433,1.4625782,0.67733014
0.022005184,0.17890596,0.1750121
-0.04430203,1.5602826,0.58566225
-0.027315684,0.0046714735,0.004800837
-0.14157341,1.4706981,0.5422842
-0.06267147,1.0947648,0.100893915
-0.0578941,0.023288261,0.024676304
-0.13524103,0.04963049,0.056817614
-0.034959998,1.7803469,0.80811024
0.026091155,1.8106332,0.78975636
-0.12267354,0.1997693,0.22584224
-0.11307955,1.4745148,0.53132427
0.044401236,0.11552612,0.11050883
-0.02943764,1.7061555,0.7272521
-0.0025762357,1.7886652,0.79069954
-0.0219174,1.8332868,0.85175186
-0.04748694,1.5930209,0.6218609
0.007812981,1.816782,0.8104253
-0.1756404,0.012929676,0.015412294
-0.446187,1.2370548,0.37036103
-0.10433949,1.2299229,0.25520915
-0.0983207,0.10088213,0.111304924
-0.13857771,1.4849429,0.55702436
0.04191027,0.3826104,0.3669065
0.014747674,1.6082425,0.5993382
-0.14679725,0.004649048,0.0053841514
-0.075371414,1.0528442,0.056981094
-0.3484691,0.0017943366,0.0025423896
0.0035710074,1.9843564,0.9808475
-0.25349292,0.0010271296,0.0013234752
-0.28856146,0.017487036,0.023336561
-0.024776012,0.0004233323,0.00043395182
0.05982405,0.008581348,0.008083031
-0.06566811,1.4407902,0.47070765
-0.07052024,1.4197059,0.45037213
-0.031176914,1.6013292,0.6203721
-0.0866199,1.7887414,0.8601083
-0.15187772,1.1141605,0.13288495
0.13101521,1.7525616,0.6601504
-0.08028527,0.3909459,0.42362747
-0.08424809,0.35616615,0.38747272
-0.0890196,0.053938463,0.058960244
-0.21545462,1.7499572,0.9302662
-0.2997282,0.00045424778,0.00061300374
-0.039623894,0.0011728744,0.0012202812
-0.1693885,0.00013202534,0.0001563946
-0.29184774,1.6198981,0.82998097
0.017364234,1.9902565,0.9732099
0.11106628,1.8040566,0.71953374
0.031968035,1.242369,0.23474349
-0.103038296,0.0013563556,0.0015035662
-0.1478434,1.0418184,0.048481423
-0.16381842,0.0002174283,0.00025613062
-0.16262503,1.8291078,0.9755243
-0.16392863,1.8346114,0.98328096
-0.24752301,0.0017699051,0.002266981
0.023144942,1.6303601,0.61593807
-0.025155637,1.9132919,0.9365579
-0.023749188,0.39019296,0.39957064
0.004894033,1.8242483,0.8202243
-0.025545198,1.2998959,0.30765545
-0.146888,1.2737652,0.31708148
-0.02243197,1.2621174,0.26806358
-0.045947455,1.2176967,0.2279326
0.04659691,1.9324695,0.8900161
-0.08419645,0.017448433,0.01898115
-0.14677048,1.622561,0.7209805
-0.02586385,1.4286103,0.4398405
-0.114571944,0.045989748,0.051572595
-0.058334846,0.008809535,0.009338722
-0.39651984,1.3970809,0.5903172
-0.1445557,1.0703858,0.081332594
-0.032554086,0.0054083546,0.0055873157
-0.05516772,1.3063685,0.32374504
-0.17981143,1.7184172,0.85993934
-0.010513825,1.2067738,0.2089592
0.038226455,0.004245839,0.0040865983
-0.07670889,1.6820965,0.7364784
0.068666905,0.13172874,0.122986905
-0.19385009,0.2587038,0.31404424
-0.13200538,1.650628,0.74244094
-0.04222681,1.7915843,0.82572603
-0.06473704,0.00012458776,0.00013292
-0.0464837,1.6513712,0.6823641
-0.19376673,1.6282685,0.7626006
-0.05621174,1.8594067,0.9090989
-0.0015794449,0.71277416,0.71390086
-0.25405028,1.369782,0.47673637
-0.14108495,0.006904276,0.007950429
0.050015327,1.5484872,0.5217291
-0.0006345315,1.8162225,0.8167406
0.025706608,0.0015974693,0.0015569272
-0.015875807,0.41896385,0.4256683
-0.22796614,1.6849585,0.86033714
-0.2666738,1.3607299,0.47097424
-0.07064529,0.023196483,0.024894478
-0.07205063,0.0053923493,0.0057952106
-0.118723266,1.3773577,0.42492667
-0.28812656,1.7325599,0.97718066
-0.09719917,1.442755,0.48795125
0.08481388,1.7509911,0.689923
-0.05754772,1.8899884,0.9427076
-0.10779239,0.0007388227,0.0008229129
0.040171355,0.016136875,0.015501483
-0.13262653,0.0010122638,0.0011558266
-0.19828704,0.001721675,0.0020992595
-0.19897602,0.00049546076,0.0006045377
-0.05824113,0.1368657,0.14507361
-0.14038123,1.6108282,0.7028876
-0.5071661,1.476063,0.79054004
-0.18532635,1.2180324,0.26242617
-0.19558418,1.1376901,0.16743411
-0.15054542,1.830512,0.96544373
-0.23528738,1.2026359,0.25638962
-0.22411202,1.5872256,0.7347432
-0.23395267,0.017755035,0.02243499
-0.028555736,1.3584048,0.36878684
-0.051042434,7.814546e-05,8.223775e-05
-0.044162266,1.9250572,0.96682537
0.052969318,1.9829903,0.9322769
-0.25397858,1.4535794,0.5847293
-0.20231886,0.0034030222,0.00416611
0.043230206,1.7850196,0.75180614
-0.008292012,0.096720584,0.09752593
-0.052761145,0.00010599338,0.00011173586
-0.040845636,1.406539,0.42348808
-0.12704068,1.654074,0.74267685
-0.06857265,1.7838025,0.83943564
0.03318905,1.3668731,0.3548968
-0.09598459,1.567508,0.6246799
-0.48304737,1.1538051,0.24931914
-0.1869208,0.00019953604,0.00024054704
-0.059350334,1.7225908,0.76677495
-0.00711588,1.9642795,0.9711657
0.017373506,1.8314279,0.81710786
-0.23758794,1.7085705,0.8985995
0.03339337,1.4164063,0.4027307
-0.05541705,0.0014029106,0.0014828503
-0.53407025,0.00020056166,0.0003421304
-0.07775476,1.8999066,0.9726709
-0.00534413,1.7258787,0.72976834
-0.16691245,1.1307256,0.15447205
-0.034011614,1.1199558,0.124105886
-0.17072679,1.0171916,0.020392105
-0.24781522,1.6097739,0.7812563
-0.2701471,1.1524283,0.19970495
0.048687093,2.0344195,0.98526305
0.058239818,1.5587296,0.5271187
-0.13997526,1.7317231,0.8416611
-0.014360758,1.1359149,0.13788088
-0.10748075,0.060504418,0.06736982
-0.099658936,0.0015004205,0.0016576557
-0.2346577,0.00019188704,0.00024263652
-0.1480745,1.4581563,0.5312778
-0.25275883,0.0069562136,0.008956631
-0.08137981,0.018836254,0.020433245
-0.23963289,6.341393e-05,8.058531e-05
-0.06128703,1.627447,0.6671041
-0.06432472,0.43039724,0.45899224
-0.1354148,1.3773392,0.43205783
-0.11613544,1.5595474,0.6284546
0.051531807,0.0078066234,0.0074145235
-0.39798933,0.0035211446,0.005242379
-0.011073098,1.2910194,0.29425985
-0.15658009,1.7078562,0.82784086
0.053745896,0.00034386216,0.00032586884
-0.08576831,1.7899045,0.86064345
-0.09301516,0.0062177596,0.006823857
-0.081825525,1.4326656,0.46955737
-0.41411138,1.3436335,0.51992637
-0.1387094,0.5214909,0.5990836
-0.09384036,0.00067999715,0.00074689824
0.061632674,1.5964961,0.5608424
-0.20487165,1.0484184,0.059427142
0.022814412,0.0017988667,0.0017582912
0.022915026,0.06528745,0.06380839
-0.04703063,1.7648807,0.8017127
-0.02615912,1.8795016,0.90281206
-0.087482296,1.3834318,0.4184862
0.03338783,2.0199265,0.98643565
0.056579918,0.00056288356,0.0005319199
-0.12207757,0.27996367,0.31631467
-0.123621814,0.40009692,0.45274484
-0.22540058,1.2773575,0.34748018
0.02474393,0.0028069972,0.0027383931
-0.023082847,1.8899224,0.9107032
-0.032932162,1.8320277,0.8598844
-0.5958541,1.10341,0.1876458
-0.17488176,1.6492751,0.7733551
0.08656522,0.0001149954,0.0001054595
-0.17459576,1.2760011,0.32865235
-0.004454851,0.0046391524,0.0046598655
-0.07636685,1.7799487,0.84184426
-0.0333926,1.2559042,0.26459384
0.010485424,0.0011843074,0.0011719543
-0.45312536,0.0026437782,0.0041592484
-0.42686346,0.0009830568,0.001506479
-0.04245263,1.2733082,0.28516066
-0.1702404,1.5640795,0.668767
-0.00638997,0.057938714,0.058310125
-0.084333465,1.4967029,0.5404086
-0.070665136,0.010541578,0.011313451
0.108457215,1.1050681,0.09426892
-0.00929594,1.2418789,0.24413785
0.018631425,1.9605706,0.9428394
-0.4724095,1.3328497,0.5338423
-0.23919673,1.5928874,0.7531024
-0.08119387,0.0016208607,0.001757955
-0.33752763,0.024562927,0.03442441
-0.5119133,0.00021304957,0.00035546903
-0.119730346,1.6513531,0.7342005
-0.012310419,0.0032882164,0.0033289457
-0.19659954,0.0023985808,0.0029196881
-0.32152396,1.0738716,0.10188587
-0.19166362,1.2670207,0.32343236
0.07973006,2.04641,0.96621907
-0.007083133,1.406821,0.40971288
-0.07037394,1.4673442,0.5014179
-0.1665102,1.4083683,0.4823546
-0.021928936,1.5924994,0.60563576
-0.08403813,0.00013428862,0.00014606176
-0.019338112,1.7837791,0.7990835
-0.1217821,1.2186338,0.24694854
-0.286265,1.6426462,0.8556482
-0.12476881,7.446063e-05,8.4355444e-05
-0.17185582,0.18743429,0.22257943
-0.09043723,0.00015474108,0.00016938774
-0.23190932,1.4307911,0.54323
0.031586457,1.4725547,0.45786163
-0.16072384,0.31757835,0.3729515
-0.023822656,1.3825108,0.39173263
-0.08424205,1.8032633,0.8738639
-0.17884842,0.0026768234,0.0032010511
-0.13159275,0.000537185,0.0006127366
-0.26734084,1.4800704,0.62720495
-0.20883128,0.00012910174,0.00015908395
0.06166418,1.077202,0.07258512
-0.26454818,0.022541465,0.029367972
-0.24011187,1.3951569,0.50239897
-0.0016400069,1.9916158,0.99324334
-0.024649715,0.004281209,0.0043880506
-0.021865595,1.8007226,0.81842375
-0.14798096,0.2188577,0.2537635
0.0118845515,0.13449115,0.13290223
-0.201872,0.00023811033,0.00029137355
-0.038759846,1.8066292,0.8385079
-0.19971758,0.25883636,0.31605417
-0.007478374,9.0360154e-05,9.103843e-05
-0.120424315,1.018881,0.02129723
-0.010716727,0.2904477,0.29357708
-0.03052635,0.0013192092,0.0013601008
-0.09990622,1.9005594,0.9951787
-0.09642157,1.3908559,0.43041962
0.11008149,1.6212727,0.55651194
-0.053318016,0.17272086,0.18217993
0.0482188,1.9452369,0.9007401
0.07171373,0.00025976522,0.00024178877
-0.21216103,1.0291038,0.035982322
-0.040093906,1.5793029,0.60300136
0.03268511,1.7289062,0.7054669
-0.101681754,1.2339307,0.2589686
-0.022735115,0.0007385156,0.0007554981
-0.23432955,0.078580186,0.09933014
0.077718,1.9336284,0.86381656
0.00078581274,0.8897757,0.8890767
-0.069566905,0.0086957505,0.009322225
-0.17154664,0.00013050673,0.00015492969
-0.09142074,0.0041109105,0.004504448
0.01939566,0.0059478898,0.005833638
-0.035848692,0.0016452782,0.0017053292
-0.4985022,0.053700306,0.08840432
-0.05714923,0.0001273147,0.00013480257
-0.14195377,0.00023727068,0.00027346
-0.19145536,0.0027060707,0.0032770806
-0.29032508,1.726234,0.9708745
-0.4685004,0.0013303569,0.0021253736
-0.1382136,1.3080176,0.35367218
-0.17347746,1.0556281,0.06616593
-0.20690563,1.5948861,0.7316304
0.027002268,1.7025284,0.6838123
-0.17348607,1.8370926,0.9956749
-0.0525324,1.61898,0.6523658
-0.033397965,0.004127476,0.004267653
0.033822708,0.47137064,0.45569423
-0.16845575,0.0009040981,0.0010699782
-0.37867016,1.6727812,0.98249006
0.05202137,2.0504801,0.9972298
-0.0051520877,1.667132,0.67057806
-0.38976777,1.096324,0.14223564
-0.30517134,0.32054806,0.43493804
-0.18034267,1.2984113,0.3573856
-0.10153511,1.6793444,0.75194514
-0.2645539,0.0023482258,0.003059385
-0.047923826,0.0009449748,0.0009913642
-0.31315,1.6022531,0.8237176
-0.18492292,1.674121,0.8110523
-0.13238019,1.365003,0.4166663
-0.24628755,1.5404973,0.6914405
-0.083768316,1.1788116,0.1944356
-0.04411056,1.1776977,0.18571146
0.018898092,0.5204724,0.51072884
-0.0655994,0.002462596,0.0026295572
-0.02530142,1.4266076,0.43753907
-0.056398723,0.0015658917,0.0016567438
-0.0074434034,1.3807049,0.38354915
-0.40922034,1.0538082,0.08101605
-0.083027475,1.3667097,0.39845642
-0.5000435,0.0008100911,0.0013356725
0.061937973,0.0038413992,0.0036106894
-0.08272472,0.0085926065,0.009333656
-0.08354446,1.6845348,0.74418074
-0.11379936,1.0145189,0.016268834
-0.0118907355,1.5229998,0.5292558
-0.18783823,0.141794,0.17109406
-0.065132156,0.042945288,0.04583551
0.23151833,1.4082911,0.32390884
-0.0946314,1.8743403,0.9611218
-0.10444223,1.6314092,0.7009217
-0.12975833,1.453683,0.51654226
-0.07407827,1.215289,0.23184282
-0.18370456,1.1435511,0.17249979
-0.20628436,1.153193,0.18828993
-0.17770134,0.00042357182,0.0005059432
0.012488663,1.9079685,0.8966998
-0.0019641053,0.00076089695,0.0007623929
-0.11503887,1.067795,0.076060474
-0.2725542,1.5486364,0.7205323
-0.12258218,1.3942661,0.44568318
-0.100626,0.76788723,0.8491781
-0.2748627,1.5875254,0.7733891
-0.128612,0.57039195,0.6486775
-0.006773945,0.008729727,0.0087890625
0.014585173,0.1085948,0.10702243
-0.010640517,1.9570885,0.9673268
-0.23757397,0.006468309,0.008202908
-0.048401944,1.4460645,0.4681858
-0.08278028,1.2133794,0.23179469
-0.16901366,1.4315438,0.5110068
-0.06227146,0.0009789834,0.0010418842
-0.2309552,1.615745,0.7757172
-0.12104674,1.8745804,0.9871194
-0.3522577,1.5983036,0.8509521
-0.05606818,0.032257076,0.034117334
-0.2122102,0.0019958718,0.0024677115
-0.24395311,1.2029252,0.25899023
-0.061211348,0.029750066,0.031627994
-0.03904298,1.838563,0.8719505
-0.20609747,6.2329855e-05,7.6595476e-05
-0.15387826,1.0007108,0.0008291204
-0.046443358,1.3180525,0.3331724
0.0071051084,1.4109555,0.40804604
-0.24436039,1.5212052,0.665477
-0.09709592,0.00027474784,0.00030276278
0.0028288066,0.10801538,0.107710265
-0.20870116,1.2189709,0.26978895
-0.06283766,0.09807155,0.104431875
-0.17974591,0.0077642566,0.009293141
-0.24040969,1.3435448,0.43691006
-0.016985666,0.0011583136,0.0011781564
-0.18931265,1.741601,0.8961645
-0.037310958,0.007558921,0.007846279
-0.17292552,0.0011909117,0.0014157292
0.0006388277,0.00029795605,0.00029776574
-0.039161604,1.4626749,0.48115343
-0.07645316,1.7721795,0.83353037
-0.093180604,1.2459817,0.27000418
-0.129456,1.6327689,0.7202232
-0.014830552,1.5870543,0.59582543
-0.095303275,1.7150342,0.7865322
-0.04550539,1.7062387,0.7391189
-0.12456297,0.0004028863,0.00045633054
-0.18010801,1.717855,0.8595213
-0.17321725,1.3066399,0.36463293
-0.22943516,1.5903169,0.74255323
0.029081944,0.0007690554,0.00074701186
-0.33864263,1.3686206,0.5171901
-0.08015738,0.35435843,0.38393232
0.09790005,0.70158756,0.63615716
-0.15468612,0.0036447335,0.0042544664
0.08376679,0.0007992445,0.0007350218
-0.13926224,0.011063318,0.012716459
-0.27370292,1.1814786,0.23861243
-0.20329955,1.749299,0.91822076
-0.048903953,1.7965266,0.8364481
-0.12374095,0.04656738,0.05270136
-0.15136622,1.2090348,0.24319586
-0.18241079,0.081380606,0.097665444
-0.16912524,1.4256186,0.5040468
-0.28677502,0.012805934,0.017059099
0.0038167704,0.00015834263,0.00015773941
-0.022386722,1.7031558,0.7190746
-0.03778778,0.017723845,0.018406404
-0.04360357,0.00021082102,0.00022021691
-0.12811147,0.0006429393,0.00073081604
-0.08482745,1.6506276,0.7082272
-0.3600051,1.5026786,0.7205077
-0.14283937,0.0021421844,0.002471105
0.030582635,0.00028129455,0.00027282204
-0.119641185,1.823891,0.92860126
0.08410562,0.31271085,0.28748578
-0.22567536,1.3461182,0.43374446
-0.025038503,0.05936438,0.060869537
-0.33113173,1.4731407,0.65886897
-0.013721496,1.2675066,0.27120247
-0.22901958,0.006333789,0.007963895
-0.0764422,0.23929918,0.25830904
-0.23545526,0.0138643775,0.017545158
0.016833713,0.0010194251,0.001002408
-0.085550055,0.61608374,0.67110986
-0.1365764,1.2749699,0.3152097
-0.15755627,0.26680812,0.31233802
-0.21144405,1.319002,0.39411452
-0.09156872,0.0064920066,0.007114539
-0.07804002,0.19776954,0.21382166
0.027577372,1.6501381,0.63245404
-0.13384768,0.00064582063,0.0007383142
-0.09667232,1.842828,0.9283746
-0.45813712,0.00028826224,0.00045577885
0.010691097,0.00012099092,0.00011970429
-0.1823256,1.195746,0.23489612
-0.04687562,1.3967683,0.41580984
-0.1064684,1.4317477,0.48025146
-0.23210001,0.39885056,0.5030486
-0.008481406,0.06161907,0.06214391
-0.0075304527,0.04759998,0.04795978
-0.037747726,1.4987122,0.51789725
-0.07029201,0.0047590816,0.0051056445
-0.11787118,7.510719e-05,8.450304e-05
-0.093202814,1.0476145,0.05226567
-0.31844833,1.3092288,0.42518726
0.027047591,1.7722807,0.7516724
-0.05637124,1.558481,0.59086746
-0.3013162,0.00020291649,0.00027426938
-0.01656645,1.8010783,0.81446
-0.16690466,0.43656835,0.5158673
-0.15501988,9.9149125e-05,0.000115774565
-0.18883891,0.00034165083,0.0004126617
-0.028765647,0.00016217085,0.00016690356
-0.019237557,1.4245255,0.43277135
-0.45747864,1.1805112,0.28522307
-0.17512937,1.7833173,0.93324435
-0.17827544,0.04421504,0.052843798
-0.2063051,0.0053710733,0.006601737
0.033630375,1.5409791,0.5230884
-0.031101882,1.8302143,0.85644126
0.0025970526,1.9312997,0.9288842
-0.081062794,0.00018377077,0.00019928819
-0.0025390722,1.9951354,0.9976654
-0.11901229,0.0077226353,0.008698651
-0.08607905,0.0075830077,0.008264663
-0.14317654,0.0020634737,0.0023811115
-0.0898062,1.6357596,0.695497
-0.0676771,1.900563,0.96362025
-0.036661394,0.3538214,0.3670337
-0.03424367,1.943306,0.9761676
-0.18605113,1.7706203,0.92819977
-0.34648743,1.4707499,0.6656835
0.06869103,1.9350648,0.87299067
-0.09870148,0.18979643,0.2094853
-0.093754835,1.7818129,0.8586576
-0.056784004,1.8907149,0.9427568
-0.062077165,0.016942255,0.018027313
-0.11111518,1.7840495,0.87619394
-0.21003476,1.3582249,0.4419495
0.02125125,1.2347975,0.22986037
-0.17007953,0.00021422807,0.00025394576
-0.16828632,1.6428952,0.7607221
-0.20230818,0.00015939535,0.00019513581
-0.19260605,1.1341995,0.1627042
-0.08679186,1.6928494,0.7556699
-0.12179232,6.8899775e-05,7.782364e-05
-0.35844803,1.219106,0.31356397
0.006144532,1.0172176,0.017112192
-0.07119428,1.7825933,0.84034073
-0.14577925,1.2607262,0.3016448
0.07343156,1.2392445,0.22230583
-0.040671892,1.9188008,0.9569405
-0.1964351,0.0126733575,0.01542419
0.048392523,1.461825,0.44000828
-0.17281336,0.100026585,0.11889603
-0.07944883,1.5376947,0.5821567
-0.10134949,1.4386045,0.4853875
-0.048525363,1.0679717,0.07135133
0.038627885,0.026023991,0.025037907
-0.0051557794,1.9603041,0.9652681
-0.056645263,0.009101497,0.0096319355
-0.09571375,1.5408447,0.59516937
-0.09358607,0.285908,0.31395707
0.11829452,1.8214824,0.7298332
-0.000108953565,1.3025274,0.3025604
-0.13058256,1.4197428,0.47829357
0.042417727,0.0040397276,0.0038719552
-0.020443734,1.5968513,0.6091788
-0.05244545,1.6753328,0.71169615
-0.06723629,1.6492355,0.69438857
-0.21401331,1.5517173,0.6833786
-0.051927652,1.8166418,0.86016846
0.040552117,1.5167842,0.4962467
-0.0065764748,0.0001800745,0.00018126266
-0.16950214,0.00039552068,0.00046857924
-0.06695442,1.5340881,0.571072
-0.21948059,0.00017296501,0.00021541574
-0.042176105,1.7875137,0.8214383
-0.060360372,1.9292238,0.98703945
0.14594005,2.1227837,0.97032017
-0.08522315,0.050429057,0.054915227
-0.18407865,1.3796736,0.45640954
-0.073474996,0.08988866,0.09674192
-0.06626295,1.4379051,0.46790498
-0.25922617,1.2341622,0.30345705
-0.20044231,1.4992414,0.6100445
-0.28271165,1.1894721,0.25137684
-0.11684069,1.8404133,0.9445745
0.08833656,1.3638144,0.3330548
-0.12606068,1.6008766,0.68160504
-0.14737223,1.186878,0.21655147
-0.25789225,1.379329,0.4909273
-0.10092011,1.744221,0.8232485
-0.03854793,1.6085768,0.6324942
-0.18264139,0.00012528733,0.00015039288
0.05474803,0.015869772,0.015024289
-0.17813364,1.6755652,0.8072903
-0.14266688,0.0072433944,0.008354137
0.062208973,1.7760434,0.72923744
-0.0348361,0.14923169,0.15452194
0.006309241,1.7260022,0.7214361
-0.039073117,0.0011215723,0.001166263
0.04321165,0.007966503,0.007629588
0.022024317,1.9450529,0.9244663
-0.07900107,1.8052852,0.8714841
-0.1326809,1.472668,0.5397328
0.013581915,0.00015273526,0.00015067484
-0.07346845,0.00027652644,0.0002976073
-0.14220285,1.2450866,0.28253832
-0.29239488,1.2441517,0.32707343
-0.2170287,0.00066331704,0.0008240917
-0.009284183,1.411524,0.41536257
0.015615748,0.0022637474,0.002228672
0.018123802,1.7221297,0.7091599
-0.15851451,1.5660796,0.6633146
-0.10467058,0.03853048,0.042782117
-0.091286086,0.11941581,0.13082986
-0.031750955,1.6376193,0.65818906
-0.2824531,0.07153793,0.094886445
-0.18348728,1.5105802,0.6134109
-0.029785216,1.2951808,0.304105
-0.1439842,1.8173583,0.9439391
-0.26262864,0.00050901156,0.00066188996
-0.26386562,1.6091163,0.79304105
-0.1684109,1.7071594,0.8368685
0.037171062,1.4868743,0.4691089
-0.30014014,1.3561274,0.480789
-0.17479947,0.50199866,0.5978841
-0.094170615,1.6912417,0.7594999
-0.17332114,1.5877945,0.6990335
-0.23297358,0.12724632,0.16062915
0.0029718392,1.5935767,0.5918153
-0.34648168,1.4554234,0.6440066
-0.016996015,0.18083209,0.18393178
-0.16703506,0.20563373,0.24301703
-0.0581248,1.9160722,0.9708966
-0.12795033,1.2022305,0.22983417
0.040622458,1.7232437,0.6944525
-0.041459333,0.2692318,0.2806286
-0.022720294,1.7421606,0.75921565
-0.13411279,1.8144181,0.93130463
-0.29712325,1.1132832,0.15247707
-0.08115573,0.024458613,0.026526337
-0.06290606,1.8574085,0.9130773
-0.08774036,0.032502823,0.035483483
-0.07278235,0.015824767,0.01701948
0.025354095,1.6788723,0.66187644
-0.26220804,0.1615389,0.20996775
-0.07534075,1.4158335,0.448373
0.070824325,1.2894405,0.2696502
-0.33965588,0.010369547,0.014563656
0.027326632,1.5982943,0.5821662
-0.15690866,1.7546942,0.8829082
0.07471373,1.7810923,0.7248608
-0.4413544,5.386469e-05,8.3749444e-05
-0.015251333,1.952028,0.9666591
-0.41857615,0.23978925,0.36443076
-0.12450229,1.711657,0.80601186
-0.13840462,0.0031190608,0.0035820545
-0.06431596,1.4656508,0.49658364
0.051914442,0.19739075,0.18740475
-0.03239164,1.9318695,0.9625483
-0.15035385,0.00014121458,0.000164126
0.05198887,0.33817902,0.32104668
-0.38256332,0.00016747987,0.0002455318
-0.3353316,0.0029361653,0.004105945
-0.019918852,0.0010843422,0.0011061577
0.06623452,1.47327,0.44293877
-0.11095793,9.3436494e-05,0.00010440107
-0.017953195,0.029021714,0.029547451
0.063025355,1.8923197,0.8378165
-0.06311954,0.022665622,0.024142383
0.043032974,1.8787687,0.84175485
-0.021364415,1.7908347,0.8079122
-0.120133474,1.856436,0.96575785
0.034271654,0.021072319,0.020362372
-0.16817155,1.6272596,0.74213564
-0.28208277,0.00015833924,0.00020994016
0.002375234,0.17501384,0.17459862
-0.030241303,0.0008288829,0.00085433235
-0.24571532,0.12533642,0.16024707
-0.064189404,9.3755814e-05,9.997129e-05
-0.193185,1.2153767,0.2612751
-0.18132235,0.005610204,0.0067255213
-0.059538085,0.015247332,0.016182696
-0.07967776,1.4587247,0.49677056
0.059171144,1.0032401,0.0030539122
-0.26635116,0.00015628347,0.00020398012
0.0585884,0.0010117572,0.00095418293
-0.14584032,0.00046827883,0.0005418039
-0.052834127,0.040368743,0.042558942
0.11764698,0.00014564348,0.00012947849
-0.073369846,1.7608907,0.81881624
-0.0016507134,0.0027452991,0.0027498347
-0.0064021274,1.7336506,0.73836255
-0.036024448,0.0032989904,0.0034200011
0.0021596923,1.7846127,0.7829198
-0.1023568,0.00045425986,0.0005032194
0.00086373277,0.007657238,0.0076506264
-0.16730447,6.986496e-05,8.2588354e-05
-0.03704727,0.10653998,0.11056101
-0.031971287,1.7230701,0.74656105
-0.089430906,0.09677244,0.10582567
0.020087624,1.3435947,0.3367615
0.07606281,0.010720325,0.009935146
-0.13034567,0.042944677,0.048923526
0.09591124,0.0046636285,0.0042371145
-0.062313735,0.00016409803,0.00017464891
-0.09684133,0.0005315322,0.00058558135
-0.12562278,0.13954921,0.15822849
-0.12694106,1.8136382,0.92376417
0.05953417,1.6339967,0.5973538
-0.279886,0.00083083735,0.0010991804
-0.086602576,1.1911175,0.20840658
-0.17978765,1.8248513,0.9873166
-0.13977854,1.674474,0.7756581
-0.014892926,1.7234058,0.73426
-0.074864686,0.29128954,0.3139339
-0.23325613,1.0558616,0.07053674
-0.17269607,0.23144206,0.27507
-0.0816129,0.37653738,0.40855652
-0.1695916,0.005338914,0.006325657
-0.09762395,0.0005789305,0.0006382987
-0.05418728,0.18594827,0.1963023
-0.039473146,1.3302753,0.34357297
-0.18804996,1.5321565,0.6422563
-0.21443495,0.042864975,0.053116627
-0.23603034,0.3550727,0.44959754
-0.1303859,1.8356879,0.95207244
-0.07339451,0.00292053,0.003142943
-0.04820569,0.025972195,0.02725487
-0.1107495,0.04216126,0.047098976
-0.13104843,1.6952376,0.792587
-0.10545276,1.88287,0.98105717
-0.13164991,1.6564162,0.74877983
-0.16762327,1.3856629,0.45604298
-0.12711032,1.5719836,0.6495115
-0.092866965,1.5443339,0.59730625
0.0960678,1.6840222,0.6213674
-0.29910636,0.011051025,0.014903999
-0.5623354,0.112814866,0.19796365
-0.19231254,0.059401195,0.07199718
-0.07525425,1.1886477,0.20339204
-0.11126766,1.8642125,0.96592504
0.013113603,1.783973,0.77375937
-0.1745024,1.5043054,0.6004531
-0.38048622,1.6365672,0.93129516
-0.062468067,1.8748424,0.93123513
-0.30572513,1.3716308,0.5045293
-0.0009046197,1.975902,0.9767852
-0.059605766,0.06935773,0.07361754
-0.04004035,0.00027931866,0.0002907296
0.0006156489,0.00019445561,0.00019433594
-0.109111905,0.00026829942,0.00029923092
-0.3240187,8.6069405e-05,0.000119005854
-0.11431114,0.007364862,0.008256753
-0.27618822,0.004294072,0.0056599984
-0.0125449225,1.9260626,0.93775314
-0.04272456,0.0003222695,0.0003363367
-0.15650296,1.7497594,0.87677926
0.010567468,0.027278118,0.026991377
-0.300118,0.025221054,0.034048878
-0.097488075,1.3366525,0.37112516
0.04957913,1.8133656,0.774023
0.01645017,1.9886961,0.9725649
-0.17966357,0.003906651,0.004675537
0.0037010945,1.799438,0.7964847
-0.07242824,0.10297427,0.11070926
-0.08506708,1.7801456,0.84941477
-0.16245781,1.701277,0.82498133
-0.03330513,1.223152,0.23070934
