index,theta,m,y,c,t,delta
46239,1.5,3,0.576816862016994,6.208387264669393,0.576816862016994,1
39137,0.8,0,inf,3.4108831517514235,3.4108831517514235,0
30998,0.8,0,inf,3.415903339326046,3.415903339326046,0
58993,1.5,0,inf,1.1887901698745968,1.1887901698745968,0
49711,0.5,0,inf,4.747879624647939,4.747879624647939,0
43897,2.5,1,1.5012379730475682,0.05322284620034761,0.05322284620034761,0
20592,0.8,0,inf,0.02958246100225645,0.02958246100225645,0
2731,2.0,2,0.17762423763974075,1.4076400494087402,0.17762423763974075,1
1280,2.0,1,0.2573481153721412,6.768468973049288,0.2573481153721412,1
59312,2.0,2,0.1844017933658345,6.560692088971908,0.1844017933658345,1
40516,1.5,0,inf,0.10015105990868448,0.10015105990868448,0
47981,2.5,3,0.2182345648978068,5.051694224061022,0.2182345648978068,1
18341,2.0,1,0.1894515797728122,5.17261313925873,0.1894515797728122,1
14379,2.0,3,0.4548403522139969,5.09387830148795,0.4548403522139969,1
1032,2.5,0,inf,7.335810666895945,7.335810666895945,0
56430,0.8,4,0.01974529980364689,1.463053694177748,0.01974529980364689,1
54165,1.5,0,inf,2.3568721603430096,2.3568721603430096,0
21968,2.0,0,inf,2.7959038486056778,2.7959038486056778,0
22230,0.8,3,0.34841714152257225,6.126073269440646,0.34841714152257225,1
5011,0.8,0,inf,6.702539939042466,6.702539939042466,0
51758,2.5,0,inf,4.651239992515897,4.651239992515897,0
51314,2.5,2,1.5543561809849264,3.463309102598859,1.5543561809849264,1
33857,2.0,1,2.490551561724282,5.302766341737744,2.490551561724282,1
57100,2.0,4,0.05652101887416965,3.1325104073088124,0.05652101887416965,1
37270,2.5,1,1.264220422311713,1.4703636580986976,1.264220422311713,1
35099,1.5,2,0.3112667317456637,0.4935730224501572,0.3112667317456637,1
22987,2.0,1,1.7910905303749232,0.8391030906462655,0.8391030906462655,0
20758,0.5,0,inf,0.061123767369572694,0.061123767369572694,0
10766,1.5,0,inf,0.5813253130244577,0.5813253130244577,0
45019,2.5,1,1.526120287261084,6.143931335006932,1.526120287261084,1
25029,2.0,1,3.6771631756948553,4.485756580142415,3.6771631756948553,1
16961,2.0,0,inf,6.969735420641193,6.969735420641193,0
3200,2.0,3,0.0028951336585477648,0.2761344017653127,0.0028951336585477648,1
8566,2.5,0,inf,5.885101466658167,5.885101466658167,0
50838,2.0,0,inf,6.2693013061894955,6.2693013061894955,0
51198,2.0,2,0.33934089658521366,7.057993287773072,0.33934089658521366,1
19715,1.5,3,0.06083689444120109,7.107608497275624,0.06083689444120109,1
44848,1.5,0,inf,5.869133577141053,5.869133577141053,0
25808,0.8,0,inf,2.4540368015801484,2.4540368015801484,0
48594,1.5,0,inf,4.75459989362706,4.75459989362706,0
48736,1.5,1,1.1402241356562102,1.8195598795113146,1.1402241356562102,1
3719,1.5,0,inf,1.974340133450029,1.974340133450029,0
670,2.0,0,inf,4.4101583670031435,4.4101583670031435,0
28455,0.8,0,inf,2.866864051180763,2.866864051180763,0
38071,0.8,0,inf,1.3290145227255254,1.3290145227255254,0
53225,0.8,2,0.0509109608837146,1.5173111899785143,0.0509109608837146,1
49029,0.8,0,inf,4.984180852283956,4.984180852283956,0
51366,0.5,0,inf,4.334171740117008,4.334171740117008,0
57131,0.5,0,inf,1.7231987448017887,1.7231987448017887,0
5783,2.5,0,inf,1.3726648464625597,1.3726648464625597,0
22400,0.5,0,inf,1.9491869052533033,1.9491869052533033,0
53529,2.0,2,0.6861747747607182,3.6691893403563642,0.6861747747607182,1
50063,2.5,0,inf,4.029808834560482,4.029808834560482,0
22929,2.5,5,0.2311061135733562,4.868529816134405,0.2311061135733562,1
37773,2.5,0,inf,6.881886010707886,6.881886010707886,0
23857,1.5,0,inf,0.546682278360145,0.546682278360145,0
25003,2.0,1,1.0772293062808054,4.989319814385957,1.0772293062808054,1
28146,2.0,9,0.19938273017846975,7.032062057471559,0.19938273017846975,1
52662,0.8,0,inf,5.419626403915397,5.419626403915397,0
566,1.5,0,inf,3.9106023931136615,3.9106023931136615,0
59150,0.5,0,inf,3.467348293639132,3.467348293639132,0
51013,2.5,2,0.859760072604714,3.8888054703175627,0.859760072604714,1
23739,0.8,0,inf,1.7222161829393432,1.7222161829393432,0
12425,2.5,14,0.009313838620441519,6.391352467630188,0.009313838620441519,1
15103,1.5,2,0.07288451583217362,6.524240260568015,0.07288451583217362,1
15557,1.5,0,inf,5.339997702199573,5.339997702199573,0
19638,2.5,0,inf,1.1161808743378505,1.1161808743378505,0
58746,1.5,1,1.5518899807363458,4.136911577452186,1.5518899807363458,1
59425,2.0,0,inf,1.9988934203776598,1.9988934203776598,0
44681,2.0,2,0.4116516839037654,5.168686718606048,0.4116516839037654,1
2670,0.8,0,inf,1.9514194772994102,1.9514194772994102,0
32000,0.8,1,4.3886227136774405,3.0722392717101292,3.0722392717101292,0
2145,0.8,6,0.14772885983495845,3.279970376705049,0.14772885983495845,1
59136,1.5,1,2.6954216430236286,5.813243116968598,2.6954216430236286,1
22536,2.5,3,0.09927914274289584,0.44475522287929603,0.09927914274289584,1
43556,2.5,9,0.08895863578129072,7.382653036834076,0.08895863578129072,1
34403,2.5,5,0.2786915543702302,4.84952053873848,0.2786915543702302,1
44824,1.5,5,0.1725795086738983,1.655078793804637,0.1725795086738983,1
29914,0.5,0,inf,6.967615054468199,6.967615054468199,0
42806,2.5,8,0.3039413791648273,7.34623132916571,0.3039413791648273,1
28585,0.8,0,inf,7.071467488240404,7.071467488240404,0
19,2.5,0,inf,3.477709862043579,3.477709862043579,0
12764,1.5,0,inf,6.512656364219159,6.512656364219159,0
45465,2.0,6,0.023191500668207198,6.341877495948588,0.023191500668207198,1
31687,2.5,0,inf,7.181442334957025,7.181442334957025,0
47760,2.0,0,inf,6.249780690133559,6.249780690133559,0
2036,2.0,1,0.668756817577846,2.320010659956121,0.668756817577846,1
19003,1.5,0,inf,6.884413790713194,6.884413790713194,0
41661,0.5,0,inf,5.408768199683215,5.408768199683215,0
51657,1.5,0,inf,4.781328561793312,4.781328561793312,0
37378,2.5,0,inf,6.470583457923532,6.470583457923532,0
26993,0.8,0,inf,3.564153100162181,3.564153100162181,0
25403,2.0,2,0.2562436398135336,3.8103134776578202,0.2562436398135336,1
9270,0.8,2,0.14033384531025786,6.817184789940239,0.14033384531025786,1
125,1.5,9,0.029593425793143044,1.9655213208400533,0.029593425793143044,1
57690,1.5,1,0.36042537124323415,2.0788665701740396,0.36042537124323415,1
16963,0.5,2,0.041945844825666885,2.6446933045460725,0.041945844825666885,1
55069,2.0,4,0.12432595262133593,1.6868820734141978,0.12432595262133593,1
58470,2.5,0,inf,5.849458817986784,5.849458817986784,0
48255,2.0,4,0.2129310211683122,4.190629025045477,0.2129310211683122,1
51350,0.8,0,inf,6.462458111078456,6.462458111078456,0
48728,2.0,4,1.7237152886383893,2.451541675402366,1.7237152886383893,1
21624,0.8,2,0.00808716396106581,2.478104755934417,0.00808716396106581,1
39869,0.8,0,inf,4.684878250509925,4.684878250509925,0
26892,1.5,0,inf,2.2268426453454686,2.2268426453454686,0
35917,2.0,0,inf,0.08526967185874025,0.08526967185874025,0
14450,2.5,3,0.008374759377112646,1.8440847366908346,0.008374759377112646,1
28404,2.5,2,0.1991975251686924,0.23359869352930882,0.1991975251686924,1
42376,2.5,2,0.6708075936320237,3.5791848840636957,0.6708075936320237,1
5398,2.5,9,0.22024279731851423,5.675588002117688,0.22024279731851423,1
3798,2.5,0,inf,1.2411826161547925,1.2411826161547925,0
11552,2.5,1,0.2846994977068476,1.9247380688184876,0.2846994977068476,1
2542,0.8,3,0.03967300686492908,2.715761686397882,0.03967300686492908,1
11111,2.5,5,0.376938459036104,6.192856072596726,0.376938459036104,1
1554,0.8,2,0.039657828504285446,6.67596700787208,0.039657828504285446,1
8576,1.5,0,inf,1.2492826677262334,1.2492826677262334,0
51241,2.5,1,0.9990585753633776,6.695179107101264,0.9990585753633776,1
30404,2.0,7,0.14528354202898902,4.354415977346889,0.14528354202898902,1
17186,2.5,4,0.1112877590420513,5.3540570853455804,0.1112877590420513,1
52387,0.8,0,inf,7.222030937086302,7.222030937086302,0
6837,0.8,3,1.6216799157115163,4.32056751188661,1.6216799157115163,1
51780,0.5,0,inf,3.7757385161281496,3.7757385161281496,0
17059,2.0,0,inf,0.6853418509093152,0.6853418509093152,0
39170,1.5,1,0.353554142119775,0.4788574730706491,0.353554142119775,1
23380,2.0,1,1.5452891787044805,2.354082494666935,1.5452891787044805,1
26816,1.5,2,0.09307397100664236,4.651334670541426,0.09307397100664236,1
31019,0.5,0,inf,2.746082262991897,2.746082262991897,0
686,2.0,13,0.004324949448124635,3.494127985412498,0.004324949448124635,1
481,2.5,2,0.16773829530803966,7.435701923987764,0.16773829530803966,1
37357,1.5,0,inf,5.4625305913462725,5.4625305913462725,0
36035,0.8,0,inf,1.597733734607214,1.597733734607214,0
3628,1.5,0,inf,6.186193062684113,6.186193062684113,0
16209,1.5,2,0.11901498387045839,6.0062649651165225,0.11901498387045839,1
11090,2.0,3,1.0309971999903982,5.5174339430949395,1.0309971999903982,1
36261,1.5,1,0.1390086107188097,6.99146189997548,0.1390086107188097,1
194,2.5,0,inf,5.816679836688088,5.816679836688088,0
31236,1.5,0,inf,1.7611587565133227,1.7611587565133227,0
10080,0.5,1,3.707871744695317,6.567489144416891,3.707871744695317,1
16051,2.0,5,0.16181439614176824,5.548301833627323,0.16181439614176824,1
32088,2.5,0,inf,2.801654179655153,2.801654179655153,0
3929,2.0,0,inf,5.834013323496412,5.834013323496412,0
10211,1.5,0,inf,3.2399365475891333,3.2399365475891333,0
35940,0.5,0,inf,6.119386350970112,6.119386350970112,0
38501,2.0,3,0.006207379728589669,3.7895810571219624,0.006207379728589669,1
23628,2.0,0,inf,7.06554202222938,7.06554202222938,0
46226,1.5,2,0.23369503959597518,1.9720882970844715,0.23369503959597518,1
6501,0.8,1,0.42390007435518684,0.8939650186778318,0.42390007435518684,1
45203,2.5,0,inf,4.802272649649611,4.802272649649611,0
52818,0.5,0,inf,4.595917371410175,4.595917371410175,0
36685,2.0,0,inf,2.806292413868912,2.806292413868912,0
7464,2.0,0,inf,4.39687427969349,4.39687427969349,0
53299,1.5,1,0.7308381496963976,1.7517966773722542,0.7308381496963976,1
40422,2.5,2,0.05908825742524394,6.238182796937729,0.05908825742524394,1
6141,2.0,4,0.3446719541465515,4.829389970243919,0.3446719541465515,1
51059,2.0,3,0.5000711281891791,3.7374517854941667,0.5000711281891791,1
1824,2.5,2,0.8331582803314164,1.5001661643951498,0.8331582803314164,1
32560,2.5,0,inf,6.296874673976517,6.296874673976517,0
42905,0.8,0,inf,6.998477123071084,6.998477123071084,0
47290,0.8,1,3.449158762731713,1.737470066732772,1.737470066732772,0
17761,2.0,0,inf,3.1295659475213005,3.1295659475213005,0
57227,2.5,5,0.4774477896408343,0.07039044512667199,0.07039044512667199,0
50066,1.5,1,1.6550860284356914,2.9310779824124915,1.6550860284356914,1
2495,2.5,2,0.2333601378994771,4.5073842288278865,0.2333601378994771,1
43747,2.5,1,0.5386697995083838,1.4011244047379596,0.5386697995083838,1
48850,1.5,0,inf,6.926996456709151,6.926996456709151,0
22284,0.8,0,inf,0.4794677754828136,0.4794677754828136,0
35152,2.5,2,0.9936473758809422,4.511248867850044,0.9936473758809422,1
57900,0.8,0,inf,1.7530858284723738,1.7530858284723738,0
33762,2.0,4,0.12555748592000973,0.4564340774544274,0.12555748592000973,1
34504,0.5,4,0.19565481253596653,2.540818126929162,0.19565481253596653,1
18493,0.8,0,inf,6.707833045048103,6.707833045048103,0
20254,2.5,2,0.16442409109841238,6.617549960433687,0.16442409109841238,1
31810,1.5,1,0.3956964823108127,6.159919639782215,0.3956964823108127,1
3104,2.5,2,0.6869980203911793,1.0189377899208545,0.6869980203911793,1
23512,2.5,0,inf,4.189593120194267,4.189593120194267,0
1410,0.5,1,1.0448019520238723,5.251728467127953,1.0448019520238723,1
38857,0.8,0,inf,5.118495084468682,5.118495084468682,0
41253,2.5,0,inf,7.091904291763672,7.091904291763672,0
11343,2.0,0,inf,2.6311307109560396,2.6311307109560396,0
56938,0.8,1,0.7722423122450303,1.18743351055819,0.7722423122450303,1
40002,2.0,3,0.5212770307836772,0.8279587367713854,0.5212770307836772,1
8377,2.0,1,0.255869088906986,3.8308784133843066,0.255869088906986,1
50687,2.0,3,0.27924515299688746,4.984568816358344,0.27924515299688746,1
18129,0.8,0,inf,0.9129496672974193,0.9129496672974193,0
34321,1.5,3,0.1412690592004978,2.0786192986456005,0.1412690592004978,1
783,0.8,0,inf,6.929144719272517,6.929144719272517,0
36413,0.8,0,inf,5.712792728091645,5.712792728091645,0
27832,0.8,0,inf,6.126382512826433,6.126382512826433,0
22359,2.5,1,1.5501256145918392,3.0689948577896353,1.5501256145918392,1
29062,2.0,0,inf,7.113219455277294,7.113219455277294,0
33077,2.0,3,0.22867767872526604,7.370322471754678,0.22867767872526604,1
37987,0.5,1,2.451754042714805,0.13740887120051454,0.13740887120051454,0
38019,0.5,0,inf,2.812660380728773,2.812660380728773,0
19167,0.5,1,0.5937732931845372,2.294069256592938,0.5937732931845372,1
41709,0.8,1,1.7311256786542004,5.061120695107418,1.7311256786542004,1
55959,1.5,0,inf,5.937563144205246,5.937563144205246,0
1518,0.8,2,0.9287342712774366,5.384872577113453,0.9287342712774366,1
13456,2.0,5,0.3859379876758295,1.3588553400795158,0.3859379876758295,1
30510,1.5,1,1.0554880916242242,1.590872990400426,1.0554880916242242,1
18499,1.5,0,inf,5.996001088802969,5.996001088802969,0
37804,0.5,0,inf,3.1500259700285484,3.1500259700285484,0
39115,2.0,3,0.037228594253352836,5.040039793871263,0.037228594253352836,1
37858,2.0,6,0.3429767186376269,4.180895248200208,0.3429767186376269,1
11601,2.0,0,inf,3.132108798616721,3.132108798616721,0
20461,1.5,0,inf,4.007496442414079,4.007496442414079,0
10147,1.5,0,inf,2.663653223781505,2.663653223781505,0
43069,1.5,0,inf,3.3898673062730906,3.3898673062730906,0
416,1.5,1,0.9797562222024849,3.936251422955208,0.9797562222024849,1
48791,1.5,1,0.06620322812186316,4.236804315525747,0.06620322812186316,1
33079,2.0,0,inf,5.316519095124537,5.316519095124537,0
21996,0.8,0,inf,2.3484161514925024,2.3484161514925024,0
56762,1.5,1,0.4574364369800918,3.638290311795161,0.4574364369800918,1
43158,0.8,0,inf,1.8941027000599042,1.8941027000599042,0
55894,2.5,1,1.5407588760395845,2.6665781271204008,1.5407588760395845,1
50725,0.8,4,0.11998782006713622,3.9097376063108755,0.11998782006713622,1
10966,2.0,0,inf,1.2060342709028788,1.2060342709028788,0
49765,0.8,0,inf,3.7946315504134995,3.7946315504134995,0
42578,2.5,2,1.1848556241197337,3.5749399095297987,1.1848556241197337,1
30794,0.8,1,1.693012253425398,4.303127473365021,1.693012253425398,1
46364,2.5,2,0.13444318221776494,1.8776194089441172,0.13444318221776494,1
47278,0.8,1,1.0929717686616074,2.3633233642326603,1.0929717686616074,1
13900,2.0,5,0.018989397117914173,2.1414278856049522,0.018989397117914173,1
23479,0.8,0,inf,1.5472309907217885,1.5472309907217885,0
30230,2.5,6,0.05069371876159307,6.138866122531403,0.05069371876159307,1
16747,1.5,8,0.5842795575502444,1.2204825949634424,0.5842795575502444,1
21578,0.5,1,1.3405723046802809,0.5131719385919272,0.5131719385919272,0
3069,2.5,0,inf,6.774111207184469,6.774111207184469,0
10574,0.5,1,1.822482746775613,3.034509192840814,1.822482746775613,1
38120,0.8,1,0.2809163176824071,5.391005332575011,0.2809163176824071,1
1264,0.5,1,0.2399680256810706,4.115517267838589,0.2399680256810706,1
55362,1.5,1,0.8673528421950414,1.3526932691234526,0.8673528421950414,1
2969,0.8,0,inf,6.190272676443581,6.190272676443581,0
58998,2.0,0,inf,5.128434807974916,5.128434807974916,0
57140,2.5,4,0.06110171513376816,0.438666760121984,0.06110171513376816,1
571,2.0,0,inf,0.27438467131764516,0.27438467131764516,0
22955,1.5,5,0.2712428363138008,5.831241262980433,0.2712428363138008,1
24260,0.8,1,1.6639125614018406,0.7901916155325482,0.7901916155325482,0
35922,0.8,2,0.11510638169961585,3.134254871413139,0.11510638169961585,1
40625,2.5,5,0.12497234958461187,6.659501172350762,0.12497234958461187,1
7767,2.0,2,1.0446433901391525,4.691350572350533,1.0446433901391525,1
52535,2.5,0,inf,2.028001686777924,2.028001686777924,0
18135,2.5,1,0.8667258742911976,5.860108739239586,0.8667258742911976,1
6673,0.8,1,2.13538275876113,2.481746140624185,2.13538275876113,1
20919,2.5,7,0.03684773232819713,6.927241662697223,0.03684773232819713,1
4247,2.5,2,1.2020304678779248,4.086959901063695,1.2020304678779248,1
19503,0.8,2,0.012896400955426778,3.9341001397728834,0.012896400955426778,1
23778,1.5,1,0.14995868759394307,2.370649140393645,0.14995868759394307,1
9324,0.8,0,inf,0.5226350746747597,0.5226350746747597,0
21938,0.8,1,2.118500164502538,0.6851117301764914,0.6851117301764914,0
18913,1.5,1,2.1214917577150088,3.6835806619132443,2.1214917577150088,1
15507,1.5,0,inf,3.896937371577309,3.896937371577309,0
45092,2.0,0,inf,7.413666343564747,7.413666343564747,0
15938,0.5,0,inf,3.191810887196069,3.191810887196069,0
16873,1.5,1,0.634993222025693,4.29114950571161,0.634993222025693,1
35042,2.0,0,inf,0.5556038069699507,0.5556038069699507,0
56531,2.0,0,inf,1.6035571904618195,1.6035571904618195,0
8686,0.8,0,inf,3.456273920067511,3.456273920067511,0
20579,1.5,0,inf,4.308319373106679,4.308319373106679,0
13357,2.0,0,inf,3.3443355065664444,3.3443355065664444,0
34661,2.0,2,0.5020863967450012,3.3969489867680958,0.5020863967450012,1
51730,2.5,4,0.004708782449950126,5.682243767874566,0.004708782449950126,1
7497,0.8,0,inf,1.5972826698661116,1.5972826698661116,0
34217,0.8,0,inf,1.7199091092357892,1.7199091092357892,0
49356,0.8,1,1.2713917552397127,4.012281915138337,1.2713917552397127,1
18683,1.5,1,2.1253319142188563,0.4354126338362536,0.4354126338362536,0
15622,0.5,0,inf,0.8412476479961751,0.8412476479961751,0
27657,2.0,0,inf,6.006108286722689,6.006108286722689,0
22457,2.0,1,0.23817912519206896,0.3787623226219204,0.23817912519206896,1
4544,0.5,0,inf,0.7927743696661537,0.7927743696661537,0
27436,0.8,1,0.28855832121893443,1.891899890128524,0.28855832121893443,1
19294,2.0,5,0.04860774236959942,4.556770105625367,0.04860774236959942,1
33925,2.5,0,inf,1.6053091749686443,1.6053091749686443,0
27578,2.5,0,inf,1.5355994790608973,1.5355994790608973,0
10564,1.5,5,0.0011233729535480449,3.987644354845515,0.0011233729535480449,1
22628,2.0,2,0.49446447877545263,2.869279500230289,0.49446447877545263,1
7101,0.8,3,0.5419199137666854,1.6156737161198746,0.5419199137666854,1
13770,2.5,3,0.23179959444759002,5.163773085434749,0.23179959444759002,1
57470,0.8,0,inf,4.725884836933512,4.725884836933512,0
31853,2.5,0,inf,0.9180791670964241,0.9180791670964241,0
46542,2.0,1,0.2868051523243727,3.6437732119144446,0.2868051523243727,1
52780,2.5,0,inf,1.5735792782542213,1.5735792782542213,0
17513,2.5,6,0.7772441481885428,2.3700075302761605,0.7772441481885428,1
14583,0.5,3,0.01784282594201032,3.2114309434515262,0.01784282594201032,1
16464,2.0,7,0.19972855031699582,7.023634277277927,0.19972855031699582,1
13267,2.0,2,0.5137777860868259,1.4977307348710793,0.5137777860868259,1
33187,2.0,2,0.08295512274511199,4.8351503210368225,0.08295512274511199,1
15066,1.5,3,0.22523724466453324,1.6070014818194576,0.22523724466453324,1
26447,1.5,0,inf,5.543852342954091,5.543852342954091,0
16621,1.5,0,inf,6.692502825854428,6.692502825854428,0
14025,2.5,2,1.3807325882053736,6.317210380441092,1.3807325882053736,1
20105,1.5,5,0.3226410293497971,5.2035709741253635,0.3226410293497971,1
6151,1.5,0,inf,3.1375519676368895,3.1375519676368895,0
46728,0.8,0,inf,3.9216408156787645,3.9216408156787645,0
53814,0.5,0,inf,2.299007935399458,2.299007935399458,0
32076,1.5,2,0.5407682454936419,0.9210725362197809,0.5407682454936419,1
41643,2.5,1,0.10089873935801791,3.138250639725594,0.10089873935801791,1
50496,2.5,1,0.14953799210018928,6.029239391960528,0.14953799210018928,1
59636,0.5,0,inf,2.1294819969053043,2.1294819969053043,0
3094,2.5,1,2.960076752208117,2.188908275595897,2.188908275595897,0
46765,2.0,0,inf,3.7459516567907283,3.7459516567907283,0
51240,2.5,1,0.11317606491310181,3.554480598642774,0.11317606491310181,1
2002,0.8,3,0.05250541786911957,2.200395404766169,0.05250541786911957,1
8811,1.5,0,inf,1.295647975396837,1.295647975396837,0
31606,1.5,2,0.06741788350950198,1.8989472195431916,0.06741788350950198,1
4895,2.0,0,inf,0.9857805636392841,0.9857805636392841,0
14414,0.8,0,inf,1.848659063291042,1.848659063291042,0
34065,2.0,3,0.4771128183092749,6.827121995551488,0.4771128183092749,1
40182,2.0,0,inf,0.5913414199402158,0.5913414199402158,0
55093,0.8,2,0.20172520594553522,6.512475884572701,0.20172520594553522,1
48368,1.5,0,inf,2.7005175562449817,2.7005175562449817,0
31631,2.5,1,1.5782635391589113,4.7458762083875445,1.5782635391589113,1
52183,2.5,4,0.31545324944539593,7.4765965548485,0.31545324944539593,1
30778,0.8,0,inf,5.800617127505113,5.800617127505113,0
19583,2.0,0,inf,0.26044858227805157,0.26044858227805157,0
3712,2.0,2,0.1667920381284735,3.1140946317760547,0.1667920381284735,1
47850,0.8,0,inf,3.045073861242596,3.045073861242596,0
37195,1.5,4,0.763866881887506,1.669346968658222,0.763866881887506,1
45213,2.0,0,inf,3.136857857638505,3.136857857638505,0
25587,0.8,1,0.1840362296843582,5.0452093500041695,0.1840362296843582,1
3059,0.8,0,inf,1.9092388646884366,1.9092388646884366,0
21308,0.8,0,inf,0.8083776729418228,0.8083776729418228,0
32955,1.5,0,inf,0.30021817137442747,0.30021817137442747,0
34477,0.8,0,inf,2.0989854594934556,2.0989854594934556,0
23061,0.5,0,inf,4.1051134944098395,4.1051134944098395,0
55899,1.5,1,0.08008050563537386,2.5797822738863365,0.08008050563537386,1
27785,0.8,1,0.2448842801194356,1.2903322808281092,0.2448842801194356,1
16705,1.5,0,inf,4.7697534669995045,4.7697534669995045,0
18077,1.5,4,0.3078123205895897,2.7417221099704787,0.3078123205895897,1
7978,1.5,1,0.8395732253642276,2.371389566173548,0.8395732253642276,1
7170,2.5,1,0.0450321198667784,3.9965934410547876,0.0450321198667784,1
50942,2.0,1,0.3770082768704915,2.1540183349188324,0.3770082768704915,1
15237,1.5,2,0.7417249220565336,2.592240158630771,0.7417249220565336,1
55661,2.0,2,0.53018220117208,7.287405334730533,0.53018220117208,1
37846,1.5,0,inf,1.4440664253787647,1.4440664253787647,0
37819,1.5,2,0.24036260911695792,3.734107132324347,0.24036260911695792,1
41748,0.8,1,0.6488946938032787,1.3475060798779213,0.6488946938032787,1
46023,0.8,0,inf,4.3269297785651135,4.3269297785651135,0
58755,1.5,0,inf,1.3864600341642839,1.3864600341642839,0
19420,0.8,0,inf,0.4286818845878917,0.4286818845878917,0
6039,2.5,1,1.568605992235326,2.392497332321111,1.568605992235326,1
1514,0.8,0,inf,2.874719042581786,2.874719042581786,0
58229,2.5,0,inf,5.458174035335514,5.458174035335514,0
53013,2.5,10,0.10732480601056334,0.15752022651416867,0.10732480601056334,1
16590,2.0,2,0.8952164384606962,5.945512986684596,0.8952164384606962,1
48365,1.5,4,0.63627893434285,5.807233603354387,0.63627893434285,1
32850,0.8,0,inf,3.9632723713576583,3.9632723713576583,0
9522,2.0,1,0.4851270908398783,7.260843961564328,0.4851270908398783,1
40104,0.8,0,inf,3.481844639307823,3.481844639307823,0
9445,2.0,4,0.02601226678113574,4.4555572221564566,0.02601226678113574,1
49502,2.0,1,0.6713976471134088,1.6179612795202742,0.6713976471134088,1
24602,0.5,1,0.18734124228708557,4.673898158454419,0.18734124228708557,1
31990,0.5,0,inf,1.2860637640957535,1.2860637640957535,0
16726,0.5,0,inf,1.6028845173709723,1.6028845173709723,0
25424,0.8,0,inf,4.521705424891543,4.521705424891543,0
49179,0.8,1,0.4256773087961883,1.7226904681006754,0.4256773087961883,1
23819,1.5,1,1.1182459115908083,6.533119344530273,1.1182459115908083,1
31328,1.5,3,0.027505022659111446,2.8757885208512404,0.027505022659111446,1
18437,1.5,3,0.10397955280700628,4.9455955387834525,0.10397955280700628,1
9696,0.5,0,inf,2.5408456683218095,2.5408456683218095,0
51927,0.8,3,1.0561428992505997,2.5360779607474395,1.0561428992505997,1
31251,2.0,1,0.08472145753816017,4.937702886068122,0.08472145753816017,1
27104,1.5,2,0.001958551315885789,2.253193377843855,0.001958551315885789,1
9357,2.0,3,0.4056141612735704,4.323656684982725,0.4056141612735704,1
12868,2.0,3,0.950667767787022,2.7480312420295254,0.950667767787022,1
14570,0.8,2,0.10501933271060045,2.616713897974964,0.10501933271060045,1
15492,2.0,0,inf,1.0985537407804433,1.0985537407804433,0
40194,0.8,3,0.030856904438350638,3.6062793343034905,0.030856904438350638,1
37615,2.5,3,0.12023484601571369,5.722712585385666,0.12023484601571369,1
33160,1.5,1,3.512064015625757,0.6218936544704537,0.6218936544704537,0
13248,2.0,2,0.09858047280509687,3.6614420555071754,0.09858047280509687,1
31348,1.5,3,0.06314090381117982,4.2684778883821854,0.06314090381117982,1
2138,0.5,1,1.2314754714295217,7.4591936477265905,1.2314754714295217,1
17024,0.5,0,inf,4.417723435453474,4.417723435453474,0
57373,2.0,2,0.18192990110306048,5.807718481079116,0.18192990110306048,1
39920,2.0,3,0.32859802906240165,4.957305849475443,0.32859802906240165,1
59626,1.5,3,0.20275485781110442,3.036191752869348,0.20275485781110442,1
17821,2.0,1,1.0043847885112847,3.5736290257563383,1.0043847885112847,1
55541,0.8,2,0.19290527883244254,2.0933295870320996,0.19290527883244254,1
18024,0.5,1,0.003331687328804022,5.450252597691062,0.003331687328804022,1
24055,2.0,1,0.7935381900678177,6.77533237159498,0.7935381900678177,1
19222,0.8,0,inf,2.3133844900809457,2.3133844900809457,0
26155,2.0,0,inf,3.902952675837574,3.902952675837574,0
7896,0.8,1,0.899324563727126,1.9933740108645288,0.899324563727126,1
15538,2.0,3,0.6127937087818724,2.494564775461999,0.6127937087818724,1
43805,2.5,6,0.02002202074800084,2.2238612409702787,0.02002202074800084,1
32933,0.5,2,1.0053313399485775,4.346664952552608,1.0053313399485775,1
58537,2.5,1,3.3614038804594886,5.127120750690828,3.3614038804594886,1
30593,0.5,0,inf,7.044374230132032,7.044374230132032,0
56855,0.8,1,1.1107236981390491,5.5992051467506885,1.1107236981390491,1
51529,1.5,9,0.08354482364029246,2.7996757842474276,0.08354482364029246,1
9562,1.5,1,0.815576089794473,5.94266349092581,0.815576089794473,1
47373,1.5,2,0.0066476353666397175,1.6425581923510393,0.0066476353666397175,1
41893,2.5,0,inf,0.4776573085478751,0.4776573085478751,0
4441,2.0,1,1.052912057803123,1.0039186992749158,1.0039186992749158,0
49447,0.5,0,inf,1.1992147846874541,1.1992147846874541,0
46744,1.5,2,0.9026574723293188,4.84638048229258,0.9026574723293188,1
49243,0.5,0,inf,6.977221628002549,6.977221628002549,0
36540,2.5,3,0.8666273898883926,4.080522996021351,0.8666273898883926,1
4789,1.5,0,inf,6.437038805534054,6.437038805534054,0
9291,2.0,3,0.28788665501339045,4.7154730057883265,0.28788665501339045,1
46932,2.0,0,inf,7.443160717079828,7.443160717079828,0
19068,1.5,0,inf,2.9369277699035887,2.9369277699035887,0
36250,0.8,4,0.263327372888713,3.020528399396072,0.263327372888713,1
54420,2.0,2,0.029495072368455777,2.7253373657574165,0.029495072368455777,1
15342,2.0,2,0.3830537225534378,2.1997184749720406,0.3830537225534378,1
53348,2.0,4,0.009400346773182175,1.4203059138729692,0.009400346773182175,1
45991,1.5,1,2.418067557515232,2.2191085293198527,2.2191085293198527,0
48016,2.0,1,0.32358233430110744,5.05462143857006,0.32358233430110744,1
59147,1.5,0,inf,4.067739423395311,4.067739423395311,0
43383,0.5,2,0.2093221475078489,1.5413167822409735,0.2093221475078489,1
5399,2.5,0,inf,3.3134616034235003,3.3134616034235003,0
24748,2.0,0,inf,2.4914145454792593,2.4914145454792593,0
35328,2.0,0,inf,0.24562791602506914,0.24562791602506914,0
42547,2.0,3,0.20079751228499232,4.512978914543874,0.20079751228499232,1
48324,2.0,2,0.14786082651852928,0.7111239923289834,0.14786082651852928,1
7698,2.5,5,0.04238003681584308,5.293017866749411,0.04238003681584308,1
34884,2.5,4,0.3218387229782785,4.731373537166217,0.3218387229782785,1
16347,1.5,0,inf,4.628899597788316,4.628899597788316,0
1509,0.8,3,0.09994871463049555,3.0710482362605305,0.09994871463049555,1
50501,2.0,0,inf,4.442210237665255,4.442210237665255,0
6589,2.0,4,0.06552650305430925,0.8973200607951041,0.06552650305430925,1
54443,1.5,3,0.08328123245274256,0.02807694089467916,0.02807694089467916,0
34739,1.5,3,0.07306520792689218,0.2564918993341993,0.07306520792689218,1
25364,2.5,9,0.0017373997829260228,1.7590432966873295,0.0017373997829260228,1
46306,2.0,4,0.5892329068693615,2.8185727875550235,0.5892329068693615,1
10413,1.5,1,0.31477247326790503,5.334944412064084,0.31477247326790503,1
50654,1.5,1,2.9794114683547366,4.519537436454935,2.9794114683547366,1
23516,0.5,0,inf,2.9947688696405574,2.9947688696405574,0
33300,0.5,0,inf,4.083695434052549,4.083695434052549,0
21206,2.0,1,0.7851549933047571,5.951290698457938,0.7851549933047571,1
191,0.5,1,0.2008704911370248,1.6269400147344997,0.2008704911370248,1
20890,0.8,0,inf,0.7135918922268185,0.7135918922268185,0
41155,1.5,3,0.16321744789654555,0.9608475876160703,0.16321744789654555,1
5939,0.8,0,inf,1.5367353921593785,1.5367353921593785,0
38144,2.0,2,0.16379754537719401,1.4572102556790976,0.16379754537719401,1
30482,1.5,0,inf,4.48170182168547,4.48170182168547,0
9722,2.0,4,0.044237194254190634,3.3601931405950016,0.044237194254190634,1
22775,0.8,0,inf,1.2441156816365528,1.2441156816365528,0
57941,2.0,3,0.7895888339292747,3.289699216839025,0.7895888339292747,1
2263,2.5,8,0.1710182257687927,6.490433464030918,0.1710182257687927,1
39681,0.8,0,inf,3.145635211338386,3.145635211338386,0
36567,0.8,0,inf,1.1150016301246828,1.1150016301246828,0
15931,2.5,3,0.37387701433603115,6.814795593431801,0.37387701433603115,1
51323,2.0,2,1.9415976114214648,1.3091904026821592,1.3091904026821592,0
4289,0.8,1,2.962240390603791,6.29424881153412,2.962240390603791,1
36223,2.5,2,0.2661960147934754,5.583604909749195,0.2661960147934754,1
8186,2.0,0,inf,0.9058406885217358,0.9058406885217358,0
24219,2.5,6,0.008497230047352622,4.789700552632599,0.008497230047352622,1
55050,0.8,0,inf,6.013621647244154,6.013621647244154,0
3228,2.0,4,0.34252240343824414,1.4919978991739504,0.34252240343824414,1
36179,0.8,0,inf,0.9841699226975439,0.9841699226975439,0
18149,1.5,1,0.22356600757290682,6.215458313221175,0.22356600757290682,1
752,2.5,1,0.11908492373024775,4.629387918881576,0.11908492373024775,1
29859,2.5,3,0.3291471643460851,1.6954726278083863,0.3291471643460851,1
9552,1.5,0,inf,6.81669232711668,6.81669232711668,0
1335,0.8,1,4.154562208306206,7.137337015453735,4.154562208306206,1
27902,1.5,0,inf,5.7679780224732315,5.7679780224732315,0
20164,0.8,1,0.3946834661213923,4.944770564326312,0.3946834661213923,1
18749,0.5,1,6.078769021495857,6.116780246429185,6.078769021495857,1
3663,2.5,1,1.7394569783513205,2.9447428251419243,1.7394569783513205,1
52866,2.5,11,0.050545848495836335,6.905722514410625,0.050545848495836335,1
29973,2.0,0,inf,6.342640623872062,6.342640623872062,0
12993,1.5,0,inf,5.963089407432017,5.963089407432017,0
18920,0.8,0,inf,3.834413960504761,3.834413960504761,0
14395,0.5,2,0.4840885935282887,3.273125615274602,0.4840885935282887,1
25294,1.5,0,inf,5.0354891776752995,5.0354891776752995,0
29089,1.5,0,inf,4.26144969398601,4.26144969398601,0
52579,1.5,3,0.04075667526198478,3.7636177895538605,0.04075667526198478,1
13676,2.0,13,0.0391594955311915,0.29607788402180396,0.0391594955311915,1
37200,0.8,0,inf,1.0446824111286028,1.0446824111286028,0
37625,0.8,0,inf,1.7425024718909212,1.7425024718909212,0
14817,1.5,1,0.4808807371438246,2.185866113895524,0.4808807371438246,1
38317,2.0,7,0.3937175852082508,3.450921354854948,0.3937175852082508,1
10605,2.5,2,0.44262927914194333,4.7371430603890055,0.44262927914194333,1
48481,0.8,0,inf,4.902462364763097,4.902462364763097,0
19242,0.8,0,inf,4.120671167621713,4.120671167621713,0
6089,2.5,6,0.14856038653193301,1.465876922407733,0.14856038653193301,1
24392,0.8,0,inf,6.3176618440016705,6.3176618440016705,0
26310,1.5,0,inf,3.620525281522643,3.620525281522643,0
18500,0.8,0,inf,0.39722625640397785,0.39722625640397785,0
4807,2.5,5,0.2200076493211523,5.477196743016903,0.2200076493211523,1
46657,2.5,0,inf,5.33787827616874,5.33787827616874,0
40474,1.5,1,0.14475323681519403,5.324623226391402,0.14475323681519403,1
59930,2.5,5,0.055169676102903444,7.441775943943097,0.055169676102903444,1
3552,2.5,0,inf,3.6081086111671996,3.6081086111671996,0
46996,2.0,1,0.24287599318735917,4.684002608445982,0.24287599318735917,1
23699,0.8,2,0.22493040940644513,6.003497350872282,0.22493040940644513,1
24268,0.8,0,inf,0.8242329326929785,0.8242329326929785,0
31448,0.5,0,inf,3.091182637285093,3.091182637285093,0
32418,1.5,0,inf,1.2177574428337727,1.2177574428337727,0
58435,0.8,0,inf,4.674889590300589,4.674889590300589,0
26133,0.5,1,0.9811228736635105,4.526942188543976,0.9811228736635105,1
30860,2.0,6,0.014028314394322141,0.6041321746413008,0.014028314394322141,1
53177,0.8,1,1.220539959553361,1.845558180827108,1.220539959553361,1
32929,2.5,9,0.00022919847118418922,4.468549856703161,0.00022919847118418922,1
15922,2.5,1,0.4211220318163307,4.668698742652074,0.4211220318163307,1
11535,2.0,2,0.8458719314168073,4.8604600541815985,0.8458719314168073,1
20322,2.0,0,inf,4.052775349935097,4.052775349935097,0
52364,0.8,0,inf,5.28191497858175,5.28191497858175,0
26546,0.5,2,0.18203880481296875,1.4188290257361136,0.18203880481296875,1
